* parameter data
s21   = 4.000000000
s22   = 5.000000000
s24    =5.000000000
s26    =2.000000000
a21    =.0900000000
a22    =.0700000000
a24    =.1100000000
a26    =.0660576300
c11    =4.00000000
c12    =8.00000000
c14    =12.0000000
c16    =1.00000000
p1     =1.00000000
p2     =1.00000000
p3     =1.00000000
p4     =1.00000000
p5     =1.30000000
p6     =1.30000000
lhg    =3.0255112E-5
chc    =.08000
nmac    =.0132920580
mac_r  =.100000000
LKs    =15.00000000
Koc    =240.000
half   =58.989
h2    =1.000
expr   =.020000
EST    =.60000
rsw    =.3354100
rst    =20.0778
Ea     =50367.600
wsm    =.735486
mrad   =1.0000000
h_3    =15.000
 
h_2=half*h2
mac=0.5*nmac*3.14159*mac_r^2
 
c13=c12*p5
c15=c14*p6
c17=c16*1.0
 
s23=s22*p1
s25=s24*p2
s27=s26
 
a23=a22*p3
a25=a24*p4
a27=a26
 
s11  = s21
s12  = s22
s13  = s23
s14  = s24
s15=s25
s16=s26
s17=s27
 
n21  = 2+3*a21
n22  = 2+3*a22
n23  = 2+3*a23
n24  = 2+3*a24
n25=2+3*a25
n26=2+3*a26
n27=2+3*a27
 
c21  = c11*s11^n21
c22  = c12*s12^n22
c23  = c13*s13^n23
c24  = c14*s14^n24
c25=c15*s15^n25
c26=c16*s16^n26
c27=c17*s17^n27
 
* template and model input data
rzdat.tpl    rzwqm.dat
