       9       9       2
  3.7348521E-09 -5.6022782E-09  3.7348522E-09  1.9570328E-09  1.6659345E-09  1.3902515E-09  1.2933336E-09  1.0369293E-09  8.6388894E-10
 -5.6022782E-09  1.1204558E-08 -1.8674241E-09 -2.9176665E-09 -2.4764678E-09 -2.0583853E-09 -1.9089131E-09 -1.5277401E-09 -1.2708835E-09
  3.7348522E-09 -1.8674241E-09  9.3371334E-09  1.9815132E-09  1.6968850E-09  1.4276632E-09  1.3365094E-09  1.0753508E-09  8.9852830E-10
  1.9570328E-09 -2.9176665E-09  1.9815132E-09  2.3642081E-01 -1.1148838E-02 -9.9188257E-03 -9.2127560E-03 -7.2259830E-03 -5.6496097E-03
  1.6659345E-09 -2.4764678E-09  1.6968850E-09 -1.1148838E-02  2.3961811E-01 -1.0289732E-02 -1.0396082E-02 -8.4447358E-03 -6.6756437E-03
  1.3902515E-09 -2.0583853E-09  1.4276632E-09 -9.9188257E-03 -1.0289732E-02  2.3883324E-01 -1.1914681E-02 -9.8620131E-03 -7.8279973E-03
  1.2933336E-09 -1.9089131E-09  1.3365094E-09 -9.2127560E-03 -1.0396082E-02 -1.1914681E-02  2.3682464E-01 -1.1054720E-02 -8.7878122E-03
  1.0369293E-09 -1.5277401E-09  1.0753508E-09 -7.2259830E-03 -8.4447358E-03 -9.8620131E-03 -1.1054720E-02  2.4060463E-01 -7.5259744E-03
  8.6388894E-10 -1.2708835E-09  8.9852830E-10 -5.6496097E-03 -6.6756437E-03 -7.8279973E-03 -8.7878122E-03 -7.5259744E-03  2.4367611E-01
* row names
seg1
seg2
seg3
t00_05
t00_06
t00_07
t00_08
t00_09
t00_10
* column names
seg1
seg2
seg3
t00_05
t00_06
t00_07
t00_08
t00_09
t00_10
