    10    10     1
0.157122 -0.0464388 -0.0928777 -0.045046 0.00278564 0.00139282 -1.0552e-064 -8.44162e-065 -6.33121e-065 -2.1104e-065 
-0.0464388 0.226781 -0.0464388 -0.022523 0.00139282 0.00069641 -5.27601e-065 -4.22081e-065 -3.16561e-065 -1.0552e-065 
-0.0928777 -0.0464388 0.157122 -0.045046 0.00278564 0.00139282 -1.0552e-064 -8.44162e-065 -6.33121e-065 -2.1104e-065 
-0.045046 -0.022523 -0.045046 0.195028 -0.064898 -0.032449 2.45834e-063 1.96667e-063 1.475e-063 4.91668e-064 
0.00278564 0.00139282 0.00278564 -0.064898 0.117418 -0.0662908 5.0222e-063 4.01776e-063 3.01332e-063 1.00444e-063 
0.00139282 0.00069641 0.00139282 -0.032449 -0.0662908 0.216855 -8.11602e-062 -6.49281e-062 -4.86961e-062 -1.6232e-062 
-1.0552e-064 -5.27601e-065 -1.0552e-064 2.45834e-063 5.0222e-063 -8.11602e-062 0.25 -1.33874e-061 -1.00406e-061 -3.34685e-062 
-8.44162e-065 -4.22081e-065 -8.44162e-065 1.96667e-063 4.01776e-063 -6.49281e-062 -1.33874e-061 0.25 -1.00406e-061 -3.34685e-062 
-6.33121e-065 -3.16561e-065 -6.33121e-065 1.475e-063 3.01332e-063 -4.86961e-062 -1.00406e-061 -1.00406e-061 0.25 -3.34685e-062 
-2.1104e-065 -1.0552e-065 -2.1104e-065 4.91668e-064 1.00444e-063 -1.6232e-062 -3.34685e-062 -3.34685e-062 -3.34685e-062 0.25 
* row and column names
K_03
K_01
K_02
K_04
K_05
K_06
K_07
K_08
K_09
K_10
