    10    10     1
-2.43288e-026 1.65436e-024 -1.21644e-025 -1.36242e-024 4.86577e-025 3.89261e-025 -1.3028e-085 -1.04224e-085 -7.8168e-086 -2.6056e-086 
1.65436e-024 0 -1.65436e-024 -1.3554e-180 -2.259e-180 5.8734e-180 -1.08355e-097 -9.85255e-098 6.77792e-098 -5.85781e-098 
-1.21644e-025 -1.65436e-024 1.04614e-024 -1.94631e-025 -8.75838e-025 1.94631e-024 -6.514e-085 -5.2112e-085 -3.9084e-085 -1.3028e-085 
-1.36242e-024 0 -1.94631e-025 3.11409e-024 7.78523e-025 -4.67114e-024 1.56336e-084 1.25069e-084 9.38016e-085 3.12672e-085 
4.86577e-025 0 -8.75838e-025 7.78523e-025 3.50335e-024 -7.78523e-024 2.6056e-084 2.08448e-084 1.56336e-084 5.2112e-085 
3.89261e-025 0 1.94631e-024 -4.67114e-024 -7.78523e-024 2.02416e-023 -6.77456e-084 -5.41965e-084 -4.06474e-084 -1.35491e-084 
-1.3028e-085 0 -6.514e-085 1.56336e-084 2.6056e-084 -6.77456e-084 0.25 -1.33874e-061 -1.00406e-061 -3.34685e-062 
-1.04224e-085 0 -5.2112e-085 1.25069e-084 2.08448e-084 -5.41965e-084 -1.33874e-061 0.25 -1.00406e-061 -3.34685e-062 
-7.8168e-086 0 -3.9084e-085 9.38016e-085 1.56336e-084 -4.06474e-084 -1.00406e-061 -1.00406e-061 0.25 -3.34685e-062 
-2.6056e-086 0 -1.3028e-085 3.12672e-085 5.2112e-085 -1.35491e-084 -3.34685e-062 -3.34685e-062 -3.34685e-062 0.25 
* row and column names
K_03
K_01
K_02
K_04
K_05
K_06
K_07
K_08
K_09
K_10
