    10    10     1
0.15009 -0.0358001 -0.09991 -0.0395067 -0.00554755 -0.00247107 -4.84681e-016 -4.84681e-016 -4.84681e-016 -4.84681e-016 
-0.0358001 0.23717 -0.0358001 -0.013899 -0.0016003 -0.000712827 -1.39815e-016 -1.39815e-016 -1.39815e-016 -1.39815e-016 
-0.09991 -0.0358001 0.15009 -0.0395067 -0.00554755 -0.00247107 -4.84681e-016 -4.84681e-016 -4.84681e-016 -4.84681e-016 
-0.0395067 -0.013899 -0.0395067 0.196054 -0.0599371 -0.0266981 -5.23661e-015 -5.23661e-015 -5.23661e-015 -5.23661e-015 
-0.00554755 -0.0016003 -0.00554755 -0.0599371 0.162689 -0.0388912 -7.6282e-015 -7.6282e-015 -7.6282e-015 -7.6282e-015 
-0.00247107 -0.000712827 -0.00247107 -0.0266981 -0.0388912 0.232677 -3.39786e-015 -3.39786e-015 -3.39786e-015 -3.39786e-015 
-4.84681e-016 -1.39815e-016 -4.84681e-016 -5.23661e-015 -7.6282e-015 -3.39786e-015 0.25 -6.66464e-028 -6.66464e-028 -6.66464e-028 
-4.84681e-016 -1.39815e-016 -4.84681e-016 -5.23661e-015 -7.6282e-015 -3.39786e-015 -6.66464e-028 0.25 -6.66464e-028 -6.66464e-028 
-4.84681e-016 -1.39815e-016 -4.84681e-016 -5.23661e-015 -7.6282e-015 -3.39786e-015 -6.66464e-028 -6.66464e-028 0.25 -6.66464e-028 
-4.84681e-016 -1.39815e-016 -4.84681e-016 -5.23661e-015 -7.6282e-015 -3.39786e-015 -6.66464e-028 -6.66464e-028 -6.66464e-028 0.25 
* row and column names
K_03
K_01
K_02
K_04
K_05
K_06
K_07
K_10
K_08
K_09
