    26    26     1
0.00793787 -0.000291417 0.000481767 -0.000580419 0.000132996 0.000149269 -0.000248475 4.79729e-005 -0.000653007 -0.00375272 2.98359e-005 -1.66886e-006 4.07078e-005 3.99258e-005 -6.00008e-005 7.30037e-006 9.55882e-008 -3.23104e-008 7.55272e-008 0.00157323 -0.00321711 2.93818e-006 0.00264135 -0.00174351 -3.56543e-005 3.41507e-006 
-0.000291417 0.00561312 1.98337e-005 -0.000104317 1.83321e-005 5.45031e-006 -0.000152994 4.60113e-006 -8.59149e-006 -0.000133388 2.14167e-006 -2.35643e-006 -8.18094e-005 3.24994e-006 -2.74422e-007 -1.82297e-007 -3.4772e-007 -1.63842e-007 2.72702e-007 -0.000194088 4.82919e-005 -9.0189e-005 -0.000100701 -0.000108536 3.14506e-006 4.87491e-006 
0.000481767 1.98337e-005 0.00553521 2.58608e-005 0.000102418 -2.7356e-005 3.3986e-005 -3.76922e-006 7.87352e-005 9.82705e-006 -2.95557e-006 -1.38226e-006 -5.83728e-005 -3.97813e-007 5.87155e-006 -6.08584e-007 -1.34448e-006 -1.59528e-008 2.68462e-008 0.0010753 -0.00034539 -4.20093e-005 -0.000184077 0.000452878 4.04348e-006 1.96411e-006 
-0.000580419 -0.000104317 2.58608e-005 0.00909873 -0.000108537 1.19827e-005 -0.000281044 3.74066e-005 -0.000212498 0.000778715 2.2664e-005 -1.48817e-005 -0.000166754 -1.55238e-006 -9.44553e-006 6.25844e-007 -4.68615e-008 -4.22262e-007 7.2363e-007 3.90421e-005 0.000669994 0.000513747 0.000320731 -9.90442e-005 0.000127674 1.22539e-005 
0.000132996 1.83321e-005 0.000102418 -0.000108537 0.0138067 2.3546e-005 0.000360095 8.32203e-006 -0.000155018 0.000769133 4.07388e-006 9.27791e-007 0.00023878 -9.59168e-006 -7.58601e-006 1.04879e-006 2.41821e-006 -1.01261e-006 -1.68285e-006 -0.00144205 0.000596572 0.000112307 0.000447707 -7.51419e-006 7.80927e-006 6.45014e-005 
0.000149269 5.45031e-006 -2.7356e-005 1.19827e-005 2.3546e-005 0.00193125 2.32785e-005 -9.51849e-007 1.81118e-005 -4.00612e-005 -9.15695e-007 -3.60536e-007 1.16366e-006 -2.15341e-007 1.63458e-006 -1.53614e-007 -2.61447e-007 1.94714e-008 -4.05562e-008 0.000221557 -0.000152429 -2.38197e-005 -6.15434e-005 9.31344e-005 -4.53446e-008 -6.05378e-007 
-0.000248475 -0.000152994 3.3986e-005 -0.000281044 0.000360095 2.32785e-005 0.0105965 -7.55276e-006 0.000319645 0.00160413 9.92966e-006 -2.59416e-005 -0.00248351 3.04915e-005 -1.71066e-005 -2.72705e-006 -6.80692e-006 -4.12577e-006 8.56463e-006 0.000156947 0.000977321 -0.00145925 -0.00142283 -0.00143039 8.59027e-005 0.000163522 
4.79729e-005 4.60113e-006 -3.76922e-006 3.74066e-005 8.32203e-006 -9.51849e-007 -7.55276e-006 0.00149699 1.0265e-005 -1.46468e-005 -3.32997e-007 5.83326e-007 -3.02741e-006 1.56802e-007 4.73276e-007 -4.598e-008 -3.07559e-008 3.70742e-008 7.04395e-008 3.95387e-005 -6.41169e-005 6.42863e-006 -2.49808e-005 2.10206e-006 2.06219e-006 -1.96216e-006 
-0.000653007 -8.59149e-006 7.87352e-005 -0.000212498 -0.000155018 1.81118e-005 0.000319645 1.0265e-005 0.00969171 -4.94387e-005 3.75662e-006 -1.18612e-006 0.000238674 -5.6793e-006 -8.33736e-006 1.30582e-006 1.81156e-006 3.02782e-007 -5.85034e-007 -0.000429653 0.00109279 -0.000294032 0.000514533 -8.4147e-005 -3.59795e-006 -1.21372e-005 
-0.00375272 -0.000133388 9.82705e-006 0.000778715 0.000769133 -4.00612e-005 0.00160413 -1.46468e-005 -4.94387e-005 0.0136379 -2.35606e-005 9.97341e-006 0.00113235 1.44734e-005 2.06123e-005 -8.02232e-007 3.04397e-008 2.29582e-006 -4.85276e-006 0.00146783 -0.00295301 0.00360441 -0.00136397 -0.00140718 -0.000139795 -8.91966e-005 
2.98359e-005 2.14167e-006 -2.95557e-006 2.2664e-005 4.07388e-006 -9.15695e-007 9.92966e-006 -3.32997e-007 3.75662e-006 -2.35606e-005 0.000974941 1.3389e-007 4.5812e-006 -5.05345e-008 2.7695e-007 -1.84683e-008 -1.522e-008 1.04847e-008 -1.89646e-008 3.08118e-005 -2.40835e-005 -3.72604e-005 -1.87779e-005 5.66876e-006 -2.29184e-006 -3.21952e-007 
-1.66886e-006 -2.35643e-006 -1.38226e-006 -1.48817e-005 9.27791e-007 -3.60536e-007 -2.59416e-005 5.83326e-007 -1.18612e-006 9.97341e-006 1.3389e-007 0.010759 -1.90816e-005 1.04974e-007 -1.79395e-007 -8.12966e-009 -6.342e-008 -3.2611e-008 6.27284e-008 1.7402e-006 2.62111e-006 -8.3154e-006 -1.26931e-005 -1.58862e-006 8.48298e-007 8.93119e-007 
4.07078e-005 -8.18094e-005 -5.83728e-005 -0.000166754 0.00023878 1.16366e-006 -0.00248351 -3.02741e-006 0.000238674 0.00113235 4.5812e-006 -1.90816e-005 0.0285262 2.04144e-005 -1.04445e-005 -2.97389e-006 -6.30256e-006 -3.56027e-006 7.85337e-006 0.000371089 0.000412207 -0.000799293 -0.000926873 -0.000673327 5.07269e-005 0.000157927 
3.99258e-005 3.24994e-006 -3.97813e-007 -1.55238e-006 -9.59168e-006 -2.15341e-007 3.04915e-005 1.56802e-007 -5.6793e-006 1.44734e-005 -5.05345e-008 1.04974e-007 2.04144e-005 0.00193736 -1.16137e-007 4.82212e-008 1.01796e-007 3.00475e-008 -5.89673e-008 -1.26959e-005 1.72664e-005 -1.47997e-005 1.77545e-005 1.81865e-005 -4.5696e-007 -1.12279e-006 
-6.00008e-005 -2.74422e-007 5.87155e-006 -9.44553e-006 -7.58601e-006 1.63458e-006 -1.71066e-005 4.73276e-007 -8.33736e-006 2.06123e-005 2.7695e-007 -1.79395e-007 -1.04445e-005 -1.16137e-007 0.00193709 8.04154e-008 5.9746e-008 -2.19765e-008 4.88123e-008 -3.05822e-005 0.00010443 -2.9419e-005 2.03529e-005 -2.21619e-005 3.05871e-007 9.42967e-007 
7.30037e-006 -1.82297e-007 -6.08584e-007 6.25844e-007 1.04879e-006 -1.53614e-007 -2.72705e-006 -4.598e-008 1.30582e-006 -8.02232e-007 -1.84683e-008 -8.12966e-009 -2.97389e-006 4.82212e-008 8.04154e-008 0.000474682 -1.6165e-008 -3.92319e-009 8.81415e-009 2.65005e-006 -1.12995e-005 1.33055e-006 -4.03834e-006 8.3269e-007 4.55088e-008 1.81205e-007 
9.55882e-008 -3.4772e-007 -1.34448e-006 -4.68615e-008 2.41821e-006 -2.61447e-007 -6.80692e-006 -3.07559e-008 1.81156e-006 3.04397e-008 -1.522e-008 -6.342e-008 -6.30256e-006 1.01796e-007 5.9746e-008 -1.6165e-008 0.000474658 -1.16453e-008 1.19454e-008 1.22683e-005 -4.75808e-006 1.41993e-007 -5.33887e-006 1.78354e-006 1.25056e-007 5.34882e-007 
-3.23104e-008 -1.63842e-007 -1.59528e-008 -4.22262e-007 -1.01261e-006 1.94714e-008 -4.12577e-006 3.70742e-008 3.02782e-007 2.29582e-006 1.04847e-008 -3.2611e-008 -3.56027e-006 3.00475e-008 -2.19765e-008 -3.92319e-009 -1.16453e-008 0.000975576 -7.61077e-009 1.01557e-006 2.60157e-007 -1.00188e-006 -1.43856e-006 -1.27724e-006 1.63181e-007 1.60142e-006 
7.55272e-008 2.72702e-007 2.68462e-008 7.2363e-007 -1.68285e-006 -4.05562e-008 8.56463e-006 7.04395e-008 -5.85034e-007 -4.85276e-006 -1.89646e-008 6.27284e-008 7.85337e-006 -5.89673e-008 4.88123e-008 8.81415e-009 1.19454e-008 -7.61077e-009 0.0011339 -1.60092e-006 -6.39566e-007 1.85555e-006 2.73891e-006 2.50137e-006 -3.64764e-007 5.88707e-007 
0.00157323 -0.000194088 0.0010753 3.90421e-005 -0.00144205 0.000221557 0.000156947 3.95387e-005 -0.000429653 0.00146783 3.08118e-005 1.7402e-006 0.000371089 -1.26959e-005 -3.05822e-005 2.65005e-006 1.22683e-005 1.01557e-006 -1.60092e-006 0.00583252 -0.00127061 0.000164084 0.000636984 -0.00856404 -3.57178e-006 -3.7661e-005 
-0.00321711 4.82919e-005 -0.00034539 0.000669994 0.000596572 -0.000152429 0.000977321 -6.41169e-005 0.00109279 -0.00295301 -2.40835e-005 2.62111e-006 0.000412207 1.72664e-005 0.00010443 -1.12995e-005 -4.75808e-006 2.60157e-007 -6.39566e-007 -0.00127061 0.00549064 -0.00433378 -0.00320793 2.15287e-005 -8.36142e-005 -4.45009e-006 
2.93818e-006 -9.0189e-005 -4.20093e-005 0.000513747 0.000112307 -2.38197e-005 -0.00145925 6.42863e-006 -0.000294032 0.00360441 -3.72604e-005 -8.3154e-006 -0.000799293 -1.47997e-005 -2.9419e-005 1.33055e-006 1.41993e-007 -1.00188e-006 1.85555e-006 0.000164084 -0.00433378 0.0152566 -0.00478841 -0.000383405 -0.000304236 3.0304e-005 
0.00264135 -0.000100701 -0.000184077 0.000320731 0.000447707 -6.15434e-005 -0.00142283 -2.49808e-005 0.000514533 -0.00136397 -1.87779e-005 -1.26931e-005 -0.000926873 1.77545e-005 2.03529e-005 -4.03834e-006 -5.33887e-006 -1.43856e-006 2.73891e-006 0.000636984 -0.00320793 -0.00478841 0.0258973 -0.000434588 -4.02309e-006 5.30019e-005 
-0.00174351 -0.000108536 0.000452878 -9.90442e-005 -7.51419e-006 9.31344e-005 -0.00143039 2.10206e-006 -8.4147e-005 -0.00140718 5.66876e-006 -1.58862e-006 -0.000673327 1.81865e-005 -2.21619e-005 8.3269e-007 1.78354e-006 -1.27724e-006 2.50137e-006 -0.00856404 2.15287e-005 -0.000383405 -0.000434588 0.0194286 -2.33731e-006 4.27976e-005 
-3.56543e-005 3.14506e-006 4.04348e-006 0.000127674 7.80927e-006 -4.53446e-008 8.59027e-005 2.06219e-006 -3.59795e-006 -0.000139795 -2.29184e-006 8.48298e-007 5.07269e-005 -4.5696e-007 3.05871e-007 4.55088e-008 1.25056e-007 1.63181e-007 -3.64764e-007 -3.57178e-006 -8.36142e-005 -0.000304236 -4.02309e-006 -2.33731e-006 0.00172405 -7.50738e-006 
3.41507e-006 4.87491e-006 1.96411e-006 1.22539e-005 6.45014e-005 -6.05378e-007 0.000163522 -1.96216e-006 -1.21372e-005 -8.91966e-005 -3.21952e-007 8.93119e-007 0.000157927 -1.12279e-006 9.42967e-007 1.81205e-007 5.34882e-007 1.60142e-006 5.88707e-007 -3.7661e-005 -4.45009e-006 3.0304e-005 5.30019e-005 4.27976e-005 -7.50738e-006 0.0141375 
* row and column names
S21
S22
A26
HALF
S24
A24
S26
A21
C12
C11
A22
C14
C16
P1
P2
P3
P4
P5
P6
LHG
CHC
NMAC
MAC_R
LKS
KOC
EXPR
