   104   104     1
24.9519 -0.0179961 -0.0163405 0.0668489 -0.00558344 0.0177271 0.00401363 -0.00184042 0.014803 -0.093348 0.0143642 0.0129208 0.00853833 -0.0497632 0.00517025 -0.0203917 -0.0706988 0.00633676 -0.00396448 0.00152886 0.000140033 0.00167813 0.0067433 0.0069394 0.00677098 -0.0210842 -0.00900336 8.6933e-005 0.00327853 0.00496855 0.00660546 0.00668771 0.00657754 -0.0237192 -0.0155323 0.0171169 0.0771943 0.0226692 -0.197521 0.0156144 -0.257969 0.00887189 0.00159079 -0.21177 0.00468673 0.000685962 0.14293 0.00416861 0.0313675 -0.0503262 -0.00027465 0.025752 0.0222226 0.033866 0.0260055 0.0584924 0.0401709 0.0373484 -0.0612798 0.0272401 -0.0141646 -0.00166185 0.0154857 0.000913315 0.00783491 -0.0315572 0.00135325 -0.00214976 0.0532678 -0.0332504 -0.0350778 0.0260806 -0.00699334 0.0979855 0.112388 0.0935305 0.133653 -0.132228 0.030616 0.190813 0.21432 0.0771465 0.172149 0.0851447 0.144051 -0.328055 0.101647 0.0791991 -0.236513 -0.124202 -0.383372 -0.40774 -0.232711 0.0325868 0.237286 -0.00548943 0.308324 0.122582 0.115868 0.0527904 0.0880188 0.0496352 0.0208205 0.00600121 
-0.0179961 21.3186 -3.48946 -0.199118 -1.8797 0.0790909 -1.33973 0.396377 -0.779144 0.395484 -0.578832 -0.161702 -0.475864 0.168214 -0.292028 0.215026 -0.0877294 -0.444236 -1.67492 -1.1503 -0.845886 -0.671696 -0.579783 -0.579363 -0.548657 -3.73719 -2.05919 -1.18319 -0.755106 -0.60344 -0.578574 -0.572218 -0.587149 -3.33848 -2.64824 -0.252252 -0.27795 0.0212745 0.178274 -0.374527 -0.104486 -0.515343 1.03455 -0.146038 -0.435466 -0.348346 0.149842 -0.482907 0.709395 0.0198788 -0.46304 1.53914 -0.133694 1.7553 -0.480132 0.072559 1.28077 -0.248666 -0.138651 -0.216423 -0.114874 -0.121204 -0.720548 -0.215832 -0.427214 0.685507 -0.310615 -0.222488 -0.0265436 0.156359 -0.0900494 0.0400186 -0.0660655 0.070083 0.176155 0.0276838 -0.365646 0.03286 0.0922897 0.0991356 -0.0448377 0.175755 -0.24901 -0.267922 -0.368179 -0.23196 -0.312065 0.0986252 0.0503156 -0.135103 -0.21875 -0.239086 -0.199292 -0.172651 -0.0841013 -0.136174 -0.0772749 0.149736 -0.179894 -0.212156 -0.229828 0.062257 0.0514438 -0.061612 
-0.0163405 -3.48946 13.0017 -0.248278 -10.1628 0.0190007 -3.47612 0.269097 0.209365 0.315883 0.599938 -0.1471 -0.124644 0.15479 -0.455211 0.195151 -0.0761758 -0.544166 1.91604 0.582641 -1.15495 -1.27326 -0.467851 -0.338635 -0.460212 -0.178016 2.01419 0.593728 -1.05269 -1.27059 -0.676714 -0.412211 -0.452607 -0.446077 0.0232163 0.748528 -0.256443 0.157262 0.125397 -0.56202 -0.0866266 -0.593492 1.02428 -0.125374 -0.406221 -0.309971 0.129836 -0.406705 0.480904 0.0191759 0.683019 0.942819 -0.12283 1.37263 -0.425581 0.0609462 1.19431 -0.215427 -0.121218 -0.049307 -0.110136 -0.109847 -0.648299 -0.205238 -0.43162 0.60566 -0.295727 -0.202089 -0.0605361 0.103911 -0.0797231 0.0159649 -0.0584444 0.075967 0.18207 0.0301247 -0.337022 0.00987389 0.0722331 0.108898 -0.0200315 0.143347 -0.225093 -0.245569 -0.339666 -0.199413 -0.286497 0.0861004 0.0199582 -0.11442 -0.202528 -0.20208 -0.177851 -0.155141 -0.0769365 -0.121428 -0.0733693 0.127528 -0.161309 -0.191627 -0.209431 0.0542476 0.0454236 -0.0563875 
0.0668489 -0.199118 -0.248278 19.3428 -0.108996 -1.76612 0.0982895 -0.812425 0.238312 -0.504751 0.228613 0.14878 0.151852 1.40645 0.0748143 0.924156 -0.0179964 0.0440749 0.0464221 0.143067 0.126514 0.108651 0.0874291 0.0414984 0.000705883 -0.262995 0.0107412 0.143758 0.391267 0.267927 0.0231839 -0.0297296 -0.0450603 -0.468118 -0.142112 0.0998095 -0.840816 1.18162 -0.123684 0.360274 0.310286 -0.264297 -1.23026 0.160545 -0.171303 -0.0644337 0.0161179 -0.0919715 -2.28374 0.175091 -1.0185 -1.17984 -0.347545 -0.920459 -3.58989 0.000133795 -1.33804 -4.60014 -0.0956769 -3.15993 0.133366 -0.234925 -2.76186 -0.924385 -0.867589 -0.920892 -0.266221 0.132073 -3.0241 -0.303197 -0.0970556 -0.113421 -0.115269 1.39031 2.07986 0.521033 -1.5628 0.124631 0.644659 2.14322 1.399 0.000147153 -0.665775 -0.896657 -1.52552 0.431572 -1.1365 0.0992735 0.0946721 0.201642 0.396223 0.504585 0.54774 -0.410224 0.224771 -0.123808 -0.106912 -0.0159905 -0.414416 -0.621996 -0.734454 0.0200653 0.0671366 -0.146528 
-0.00558344 -1.8797 -10.1628 -0.108996 15.8256 -0.00596614 -3.37992 0.0574909 -0.59488 0.0968261 -0.0494437 -0.069149 -0.219105 0.105415 -0.234393 0.144383 -0.0297605 -0.329841 2.38916 0.821304 -0.557163 -0.781128 -0.408638 -0.349006 -0.356237 1.39485 2.78944 1.12143 -0.365972 -0.681923 -0.460054 -0.362145 -0.368887 1.07308 1.24949 0.774436 -0.12566 0.129816 0.0323828 -0.321395 -0.0248588 -0.353811 0.403086 -0.0445708 -0.279046 -0.203629 0.0499291 -0.297716 0.115553 0.0116903 0.785123 0.107946 -0.0579931 0.371149 -0.090928 0.0223704 0.457598 0.00132395 -0.0495332 0.147405 -0.0461779 -0.0496373 -0.176987 -0.0628746 -0.213311 0.210469 -0.173097 -0.11488 0.00764383 0.0269543 -0.0337092 0.0138031 -0.0254513 0.0713902 0.133117 0.0448241 -0.163354 2.14675e-005 0.0362176 0.0717873 0.0116741 0.0508435 -0.102748 -0.118809 -0.169365 -0.0687444 -0.140924 0.0351776 -0.00141807 -0.039938 -0.0768013 -0.0659966 -0.0634144 -0.0706566 -0.0346748 -0.0519236 -0.0391551 0.0476928 -0.0739658 -0.0897348 -0.099822 0.021473 0.0190661 -0.026309 
0.0177271 0.0790909 0.0190007 -1.76612 -0.00596614 24.3122 0.041637 -0.414698 0.0514069 -0.503032 0.0310218 -0.129744 -0.0170279 0.218391 -0.070943 0.0380848 -0.0411946 -0.0684906 0.0853317 0.0770918 0.0577477 0.0397239 0.0209706 0.00459327 -0.0431963 0.0768045 0.105674 0.0904695 0.142348 0.085533 0.00156281 -0.0190609 -0.0527411 -0.0131964 0.0936397 0.00624118 -0.386301 0.349465 -0.50062 0.096277 0.0935949 -0.107316 -0.633268 0.0105164 -0.0868959 -0.107497 0.0964318 -0.0843793 -0.843822 0.0650596 -0.422598 -0.56396 -0.176125 -0.48143 -1.18919 0.0195519 -0.580265 -1.5124 -0.103046 -1.08479 -0.0752428 -0.139684 -0.91853 -0.383565 -0.31549 -0.557987 -0.14111 -0.0996421 -1.06274 -0.344574 -0.0744045 -0.364911 -0.0692998 0.0143559 0.223434 -0.114927 -0.594843 -0.331891 -0.218975 0.193853 0.0532461 -0.083252 -0.412512 -0.390868 -0.578171 -0.0604409 -0.459689 0.0359492 -0.428515 -0.0404051 -0.362878 0.0510963 -0.2425 -0.224423 -0.296316 -0.14528 -0.304159 0.027124 -0.285331 -0.291809 -0.344671 0.0353071 0.0459421 -0.0771892 
0.00401363 -1.33973 -3.47612 0.0982895 -3.37992 0.041637 21.4978 -0.0453729 -4.86674 -0.0571483 -3.63588 -0.0212831 -1.29697 0.155516 0.295307 0.240092 0.000865033 -0.0490582 -0.284863 -0.843209 0.609676 0.429276 -0.966592 -1.22123 -0.704365 -0.261391 0.337303 0.379068 1.26589 1.02955 -0.346773 -0.972839 -0.865794 0.12569 0.353917 0.0849637 -0.0568492 0.236869 -0.0124568 0.28 0.0238857 -0.0957236 -0.250415 0.0136795 -0.38624 -0.290001 -0.00352758 -0.553532 -0.0270818 0.010776 -0.0889196 -0.26884 -0.0209561 -0.366242 0.301101 -0.00207365 -0.169921 0.309929 -0.00410372 0.407244 0.0190114 -0.01353 0.379463 0.113492 -0.00683701 -0.133022 -0.148258 -0.108324 0.188018 0.00571834 -0.00505947 0.0644906 -0.0062875 0.130122 0.178438 0.116184 -0.0708638 0.0192985 0.0454633 0.0709582 0.0449304 -0.00398634 -0.0293521 -0.0531478 -0.0893425 0.0309544 -0.0697544 0.00418796 0.00677908 0.0138228 0.0327566 0.0368088 0.0342052 -0.0229219 -0.00177263 -0.00735909 -0.0188085 -0.0045571 -0.0246025 -0.0356996 -0.0417959 0.000221014 0.00281831 -0.00885757 
-0.00184042 0.396377 0.269097 -0.812425 0.0574909 -0.414698 -0.0453729 24.6236 -0.190437 -0.553281 -0.197979 -0.139573 -0.15162 0.00655467 -0.129028 -0.0669802 -0.0453757 -0.147417 0.166896 0.0368931 0.0293809 -0.0122234 -0.0938011 -0.111876 -0.137363 0.46244 0.278978 0.0773426 -0.00604245 -0.0599751 -0.105374 -0.118156 -0.145475 0.422471 0.403188 -0.242216 -0.218699 -0.283092 -0.58967 -0.212499 -0.00130223 -0.156712 -0.73634 -0.0469678 -0.124716 -0.133733 0.112348 -0.140316 -0.624253 0.0254056 -0.346268 -0.705257 -0.105991 -0.771591 -0.430606 0.0242454 -0.765792 -0.623213 -0.0881845 -0.517741 -0.088477 -0.0923614 -0.309935 -0.185009 -0.184164 -0.605841 -0.121638 -0.127801 -0.514146 -0.339616 -0.0587611 -0.33368 -0.0467453 -0.14662 -0.0384406 -0.140213 -0.291518 -0.400315 -0.322008 -0.0857552 -0.0896841 -0.0947072 -0.241058 -0.211591 -0.282839 -0.177515 -0.2382 0.0289514 -0.533221 -0.0834324 -0.502809 -0.0928551 -0.362491 -0.137304 -0.264399 -0.112711 -0.205307 0.0395565 -0.175747 -0.165129 -0.190925 0.0371211 0.0349788 -0.0479421 
0.014803 -0.779144 0.209365 0.238312 -0.59488 0.0514069 -4.86674 -0.190437 15.2 -0.233145 -7.56274 0.0407356 -2.47331 0.202054 0.866147 0.311978 0.0352844 0.277995 -1.81279 -2.02174 1.99493 1.72649 -1.53661 -2.11647 -1.03365 -0.695355 -0.689311 0.437303 3.36512 3.0333 -0.132618 -1.56572 -1.34154 0.223021 0.468148 -0.0103972 0.020796 0.921032 -0.0756042 1.23577 0.0811972 0.30185 -0.870847 0.0803433 -0.438667 -0.341982 -0.0631003 -0.772427 -0.24403 0.0103553 -0.513076 -0.828525 0.0185826 -1.17145 0.632761 -0.0301945 -0.690299 0.533293 0.0466593 0.750849 0.0989044 0.0251032 0.97021 0.29284 0.269377 -0.486624 -0.0818204 -0.0781492 0.312586 -0.0378018 0.0267084 0.0930054 0.0148426 0.174878 0.209362 0.174375 0.0261795 0.0264203 0.0403394 0.0679893 0.0803184 -0.0701915 0.0446509 0.0176459 -0.0043115 0.141484 0.0083772 -0.0313766 0.00257129 0.073886 0.144278 0.153972 0.134849 0.0284355 0.0259056 0.0400734 -0.00453041 -0.0642865 0.0266802 0.0227478 0.0196063 -0.0232902 -0.0147168 0.00995108 
-0.093348 0.395484 0.315883 -0.504751 0.0968261 -0.503032 -0.0571483 -0.553281 -0.233145 23.8163 -0.239459 -0.191836 -0.178529 -0.0658862 -0.142197 -0.129786 -0.245163 -0.164631 0.139857 0.00792085 0.0158477 -0.0249175 -0.115681 -0.134997 -0.156825 0.443747 0.26215 0.0514074 -0.0388265 -0.0864178 -0.124838 -0.13759 -0.165503 0.398126 0.418775 -0.293396 -0.267384 -0.384533 -1.61566 -0.259025 -0.469854 -0.16288 -0.984265 -0.50772 -0.133698 -0.151138 0.538949 -0.156081 -0.600199 -0.0363229 -0.484908 -0.801129 -0.214757 -0.856503 -0.248695 0.173497 -0.794365 -0.413568 -0.346187 -0.403116 -0.102913 -0.234984 -0.191475 -0.144506 -0.155862 -0.97763 -0.121611 -0.160456 -0.334965 -0.737542 -0.213299 -0.736828 -0.129937 -0.539026 -0.346321 -0.281644 -0.333759 -1.18932 -0.882695 -0.472187 -0.327701 -0.0489503 -0.345168 -0.317899 -0.345267 -1.09819 -0.307148 0.200155 -1.64428 -0.490659 -1.96971 -1.01242 -1.45193 -0.284452 -0.455898 -0.328176 -0.128135 0.338218 -0.278531 -0.29068 -0.296025 0.184396 0.124211 -0.105551 
0.0143642 -0.578832 0.599938 0.228613 -0.0494437 0.0310218 -3.63588 -0.197979 -7.56274 -0.239459 18.8073 0.0579845 -3.06027 0.0846847 -1.25003 0.150361 0.044512 -1.15912 -1.59003 -1.71749 1.30472 1.16422 -1.06804 -1.27895 -1.0658 -0.6585 -0.726724 0.135934 2.33197 2.17759 0.148893 -0.719528 -0.878476 0.10709 0.285135 -0.26858 0.0795906 0.412297 -0.0818971 0.840812 0.0784346 0.326968 -0.862722 0.0883704 -0.1688 -0.15938 -0.078331 -0.45061 -0.291098 0.00187302 -0.565857 -0.797905 0.0455513 -1.14592 0.541351 -0.0370863 -0.805483 0.423994 0.064393 0.488656 0.087578 0.0465711 0.798689 0.243323 0.274917 -0.488614 0.0176183 -0.00838839 0.225284 -0.051793 0.0395956 0.058871 0.0259104 0.0964077 0.0896249 0.10664 0.10822 0.0167614 0.00856955 0.0156774 0.058368 -0.0856886 0.0907668 0.0777501 0.0897665 0.149993 0.082113 -0.0445561 -0.0012831 0.0808812 0.153851 0.159226 0.140089 0.0610704 0.0378006 0.0598329 0.0160143 -0.0780404 0.0615543 0.0670659 0.0699137 -0.0306283 -0.022413 0.0218463 
0.0129208 -0.161702 -0.1471 0.14878 -0.069149 -0.129744 -0.0212831 -0.139573 0.0407356 -0.191836 0.0579845 23.567 0.166015 -2.51653 0.309215 -2.39485 0.114841 0.0321368 -0.0650243 -0.0381156 -0.0644699 -0.111492 -0.230994 -0.384528 -0.332566 -0.178246 -0.0824427 -0.0449621 -0.0355644 -0.161315 -0.371009 -0.512432 -0.577934 -0.192238 -0.115335 -0.00978816 -0.0716169 0.176322 -0.167412 -0.134087 0.0761657 -0.427219 -0.18119 0.160645 -0.531581 -0.989427 -0.187708 -0.734647 -0.218645 -0.0675336 -0.183129 -0.110876 0.250498 -0.081154 -0.77643 -0.0909224 -0.171919 -0.529109 0.193177 -0.647149 -1.32415 0.205192 -0.722895 -1.04548 -0.578999 -0.184853 -0.711522 -1.40767 -0.939888 -0.20981 0.135958 -0.442853 0.107824 -1.01109 -1.56073 -1.00743 0.785217 -0.177283 -0.493558 -0.830469 -0.482075 -0.229478 0.436611 0.522622 1.05535 0.154443 0.556425 -0.168256 -0.116518 0.0972977 0.0853453 0.183887 0.00455538 0.306976 -0.0961912 0.182837 0.00928083 -0.18719 0.299602 0.401076 0.481674 -0.0851751 -0.0807958 0.111816 
0.00853833 -0.475864 -0.124644 0.151852 -0.219105 -0.0170279 -1.29697 -0.15162 -2.47331 -0.178529 -3.06027 0.166015 20.366 -0.0929008 -6.5489 -0.166749 0.0481811 -4.72974 -0.702394 -0.834102 -0.286434 -0.143952 0.120669 0.831224 -1.10985 -0.451337 -0.406924 -0.290187 0.110134 0.33671 0.983475 1.45652 0.33682 -0.115749 -0.0262238 -0.463755 0.211813 -0.215345 -0.0726537 0.253471 0.0453861 0.544857 -0.57208 0.0743283 0.585528 0.370953 -0.0821645 0.425778 -0.287716 -0.0164281 -0.452631 -0.498733 0.086467 -0.723071 0.189605 -0.0383137 -0.680284 0.0370054 0.0792448 -0.121165 0.123209 0.075085 0.299181 0.13655 0.353369 -0.337909 0.328439 0.243371 0.00219157 -0.0646647 0.0528227 -0.0280475 0.0400579 -0.0920047 -0.172331 -0.0459789 0.244461 -0.0110463 -0.0599779 -0.0980589 -0.00483735 -0.0891625 0.152794 0.178849 0.244423 0.115065 0.215843 -0.0561048 -0.0134633 0.0672424 0.117919 0.114157 0.101463 0.107835 0.0501811 0.0798345 0.0537657 -0.079491 0.112099 0.136962 0.149269 -0.0347147 -0.0301092 0.0393994 
-0.0497632 0.168214 0.15479 1.40645 0.105415 0.218391 0.155516 0.00655467 0.202054 -0.0658862 0.0846847 -2.51653 -0.0929008 19.9898 -0.231761 -4.66654 0.180955 -0.407814 0.115895 0.114082 0.00644028 -0.0657324 -0.147544 -0.303607 -0.503114 0.149274 0.109015 0.135817 0.130728 -0.0598378 -0.28073 -0.450242 -0.72302 0.0895087 0.0887923 0.278611 0.347328 0.615977 -0.0849204 0.116545 -0.260046 -0.416011 0.0859966 0.0481151 -0.66666 -1.60331 -0.292292 -1.05195 0.0826442 -0.253092 0.107285 0.0907957 0.687912 0.140328 -0.789808 -0.127179 0.112982 -0.164708 0.413582 -0.571687 -2.42829 0.53894 -0.762616 -1.72273 -0.724754 0.00947858 -1.09717 -2.47696 -1.12875 -0.145989 0.299012 -0.463164 0.27151 -1.66727 -2.86522 -1.64786 2.20752 -0.148546 -0.591957 -1.24235 -0.466036 -0.270452 1.49318 1.48963 2.73625 0.00548659 1.63179 -0.256557 -0.0717886 0.110721 0.125093 -0.164081 0.066875 0.862802 0.534263 0.515138 0.796878 -0.246978 1.03514 1.12588 1.37686 -0.141871 -0.177137 0.301623 
0.00517025 -0.292028 -0.455211 0.0748143 -0.234393 -0.070943 0.295307 -0.129028 0.866147 -0.142197 -1.25003 0.309215 -6.5489 -0.231761 13.4326 -0.454016 0.0571057 -8.10388 -0.0705646 -0.211836 -1.33953 -0.967809 1.15663 2.67378 -1.20732 -0.216768 -0.138111 -0.488854 -1.23458 -0.698756 1.9579 3.4723 1.44169 -0.18676 -0.157242 -0.432605 0.361114 -0.265801 -0.0721773 0.193673 0.0250011 0.974469 -0.357454 0.0726542 1.36502 0.916167 -0.0949789 1.27196 -0.314707 -0.033397 -0.329327 -0.295418 0.130985 -0.401207 -0.141295 -0.0437597 -0.528316 -0.362756 0.101077 -0.614664 0.200082 0.107435 -0.0595512 0.079362 0.549988 -0.233307 0.687593 0.528845 -0.211433 -0.0859796 0.0702488 -0.114995 0.056492 -0.275531 -0.426681 -0.187303 0.387001 -0.0385553 -0.131231 -0.212946 -0.0654893 -0.102872 0.217112 0.28553 0.399771 0.0994105 0.356988 -0.0730425 -0.0258095 0.063178 0.099783 0.0912816 0.0777891 0.158865 0.0601849 0.104689 0.0858855 -0.0902875 0.164757 0.211345 0.231824 -0.0420082 -0.0396496 0.0588748 
-0.0203917 0.215026 0.195151 0.924156 0.144383 0.0380848 0.240092 -0.0669802 0.311978 -0.129786 0.150361 -2.39485 -0.166749 -4.66654 -0.454016 20.5733 0.187902 -0.511289 0.176026 0.196464 0.0725386 0.0121404 -0.0105936 -0.123051 -0.417353 0.178111 0.153829 0.22468 0.275042 0.0927966 -0.102954 -0.244902 -0.557315 0.0692354 0.101213 0.439008 0.20173 0.972412 -0.136959 0.353473 -0.101911 -0.285173 0.0511289 0.140661 -0.538789 -1.45968 -0.306 -0.898955 -0.0683614 -0.1982 0.086024 0.0611558 0.586164 0.183629 -1.09151 -0.138351 0.149366 -0.576113 0.381347 -0.807351 -2.28289 0.464726 -0.973104 -1.71382 -0.696258 -0.0496549 -1.00553 -2.3168 -1.34425 -0.220827 0.273452 -0.588099 0.237266 -1.71506 -2.81089 -1.68553 1.86718 -0.200122 -0.69308 -1.32768 -0.623047 -0.313644 1.18733 1.25807 2.36131 0.111997 1.37451 -0.270229 -0.102293 0.132521 0.14542 0.0299082 0.0470172 0.728579 0.249925 0.433608 0.478574 -0.275983 0.823646 0.953001 1.15639 -0.143792 -0.161567 0.258502 
-0.0706988 -0.0877294 -0.0761758 -0.0179964 -0.0297605 -0.0411946 0.000865033 -0.0453757 0.0352844 -0.245163 0.044512 0.114841 0.0481811 0.180955 0.0571057 0.187902 24.8646 0.0568706 -0.0289653 -0.00611561 -0.00290219 0.00524772 0.0194804 0.0228101 0.0415481 -0.0996133 -0.0466753 -0.0138767 0.00387114 0.0151669 0.0206081 0.0247016 0.0426307 -0.107254 -0.069467 0.0291711 0.0336863 0.0535426 -0.455553 0.0371722 -0.374959 0.0293164 -0.0357729 -0.34197 0.0335219 0.0696303 0.275014 0.0515798 0.0230904 -0.0536652 -0.0441322 0.0352685 -0.0441968 0.0663678 0.021259 0.106834 0.0742284 0.00127315 -0.153352 0.0231576 0.0922005 -0.0690646 0.00709491 0.0658712 0.0310173 -0.111969 0.0468541 0.103511 0.0948968 -0.128122 -0.0932395 -0.0561926 -0.0441975 0.0986468 0.201941 0.141962 -0.00457129 -0.327203 -0.0703607 0.193527 0.204724 0.110347 0.0687285 -0.0257919 -0.0218231 -0.576199 -0.0100252 0.142043 -0.519836 -0.238772 -0.776649 -0.650924 -0.518795 -0.0530969 0.176939 -0.0892373 0.302314 0.219124 0.0370847 -0.0425845 -0.0141595 0.0976603 0.0548579 -0.0257852 
0.00633676 -0.444236 -0.544166 0.0440749 -0.329841 -0.0684906 -0.0490582 -0.147417 0.277995 -0.164631 -1.15912 0.0321368 -4.72974 -0.407814 -8.10388 -0.511289 0.0568706 19.2141 -0.232881 -0.358762 -1.09056 -0.839545 0.565271 1.59103 -1.07898 -0.361823 -0.2465 -0.538381 -1.10376 -0.739647 1.09493 2.13557 0.718615 -0.25675 -0.212098 -0.642342 0.224536 -0.715534 -0.0740603 -0.260379 0.0328366 0.4243 -0.465468 0.0768129 0.733374 0.416339 -0.0960365 0.631919 -0.327981 -0.0288376 -0.43618 -0.380239 0.12008 -0.551566 -0.0736052 -0.044523 -0.691229 -0.206238 0.098848 -0.49448 -0.0279751 0.101219 -0.0633142 -0.0520723 0.225521 -0.290013 0.311082 0.153924 -0.21999 -0.0832983 0.0673499 -0.0905855 0.0532682 -0.215457 -0.364936 -0.183651 0.345096 -0.0270609 -0.103358 -0.157173 -0.0300654 -0.102661 0.21775 0.251999 0.383843 0.113096 0.29714 -0.069883 -0.0187665 0.0708927 0.117415 0.105857 0.0983894 0.149114 0.0706024 0.103782 0.0878935 -0.0914382 0.159985 0.19194 0.216273 -0.0420665 -0.0388848 0.0540668 
-0.00396448 -1.67492 1.91604 0.0464221 2.38916 0.0853317 -0.284863 0.166896 -1.81279 0.139857 -1.59003 -0.0650243 -0.702394 0.115895 -0.0705646 0.176026 -0.0289653 -0.232881 22.6728 -1.44296 -0.120118 0.0357981 -0.543867 -0.64889 -0.473698 -2.98811 -2.53225 -1.23655 -0.0293066 0.151128 -0.333846 -0.555935 -0.534478 -2.42951 -2.05708 -0.723565 -0.112394 -0.358254 0.0857649 -0.215221 -0.0266755 -0.261993 0.199478 -0.043765 -0.30846 -0.237096 0.0476093 -0.384523 0.316177 0.0104814 -0.779994 0.644451 -0.0507977 0.535957 0.00343805 0.0245189 0.266114 0.0991218 -0.0480727 -0.0137428 -0.0348485 -0.0441656 -0.112863 -0.0231193 -0.172895 0.187954 -0.174503 -0.122044 0.115072 0.0820656 -0.0316864 0.0606877 -0.0243567 0.0762489 0.124034 0.0594273 -0.143603 0.0389596 0.0621792 0.0506736 -0.00850839 0.0658945 -0.091767 -0.106991 -0.152074 -0.0632572 -0.128047 0.0348153 0.0454885 -0.0406075 -0.0431794 -0.0660048 -0.0441189 -0.0653515 -0.0259027 -0.0471073 -0.0310297 0.050056 -0.0686676 -0.0830763 -0.0903068 0.0204547 0.0177174 -0.0232317 
0.00152886 -1.1503 0.582641 0.143067 0.821304 0.0770918 -0.843209 0.0368931 -2.02174 0.00792085 -1.71749 -0.0381156 -0.834102 0.114082 -0.211836 0.196464 -0.00611561 -0.358762 -1.44296 23.9151 -0.0912941 -0.0360482 -0.609346 -0.698018 -0.546699 -1.70419 -1.41116 -0.773644 -0.0372622 0.0374513 -0.39634 -0.592659 -0.584277 -1.26486 -1.05006 -0.718737 -0.0621617 -0.726143 0.0252682 -0.426197 0.00742141 -0.308286 -0.154488 -0.00228992 -0.331622 -0.239706 0.00800065 -0.410911 0.0970195 0.00868407 -0.594383 0.10116 -0.0236487 -0.090688 0.261297 0.00463732 -0.218348 0.312188 -0.0139671 0.133705 -0.0123702 -0.0175033 0.153672 0.0577597 -0.132005 -0.0436437 -0.165133 -0.107234 0.193825 0.0374778 -0.0103304 0.0696578 -0.00930259 0.101649 0.138118 0.0904702 -0.0717515 0.0308849 0.0486726 0.0453787 0.0168965 0.0163231 -0.0363064 -0.0555307 -0.0849584 0.00486527 -0.0707743 0.010439 0.0261242 -0.001683 0.0177086 0.00663247 0.0143807 -0.028217 -0.00669997 -0.0146022 -0.0179811 0.00941095 -0.0300673 -0.0396952 -0.0442928 0.00426078 0.0050523 -0.0105393 
0.000140033 -0.845886 -1.15495 0.126514 -0.557163 0.0577477 0.609676 0.0293809 1.99493 0.0158477 1.30472 -0.0644699 -0.286434 0.00644028 -1.33953 0.0725386 -0.00290219 -1.09056 -0.120118 -0.0912941 23.8216 -1.05604 -0.080766 0.169377 -0.354506 -0.76441 -0.413218 -0.799228 -1.79407 -1.61995 -0.461268 0.0782977 -0.122592 -0.758055 -0.709839 -0.904215 -0.0477192 -1.71 0.022899 -1.36014 0.00268731 -0.584026 -0.0600992 -0.00194321 -0.209705 -0.141539 0.0022566 -0.160982 0.0493682 0.0040085 -0.344606 0.0831265 -0.0122631 -0.0545994 0.204176 0.00165446 -0.346346 0.28068 -0.00751328 -0.1134 -0.0643987 -0.00842762 -0.0950258 -0.0250585 -0.277742 -0.00850579 -0.16538 -0.100221 0.128347 0.0270611 -0.00534693 0.0434779 -0.00439515 0.0509472 0.0623732 0.0383855 -0.0338198 0.0216607 0.02697 0.012955 -0.000442319 0.00985988 -0.015568 -0.0283126 -0.034792 0.00262414 -0.0379521 0.00461166 0.0213361 -0.00146996 0.0138135 0.00311813 0.00876881 -0.0135246 -0.00513936 -0.00697476 -0.0102809 0.00461012 -0.0142691 -0.0189302 -0.0201454 0.000993539 0.00127267 -0.00571816 
0.00167813 -0.671696 -1.27326 0.108651 -0.781128 0.0397239 0.429276 -0.0122234 1.72649 -0.0249175 1.16422 -0.111492 -0.143952 -0.0657324 -0.967809 0.0121404 0.00524772 -0.839545 0.0357981 -0.0360482 -1.05604 24.025 -0.148569 0.0385467 -0.34496 -0.462088 -0.179709 -0.656364 -1.64195 -1.52001 -0.522871 -0.0664009 -0.204504 -0.470118 -0.456388 -0.868176 -0.0477854 -1.70081 0.00399359 -1.34619 0.0116546 -0.609148 -0.164067 0.0113604 -0.268349 -0.200164 -0.0116355 -0.23034 -0.0256278 0.00205361 -0.310074 -0.0659141 0.000153403 -0.221018 0.2165 -0.0051861 -0.465957 0.284123 0.00579867 -0.0958806 -0.106569 0.00308394 -0.0576449 -0.0466222 -0.293916 -0.0781128 -0.202509 -0.156056 0.0962436 0.00983414 0.00311515 0.0368126 0.00183181 0.0469363 0.0446948 0.0247807 -0.00253243 0.0179693 0.0207396 0.0153497 0.0126232 -0.00687086 0.0119979 -0.00530284 0.0051436 0.0246888 -0.0154547 -0.00419826 0.0154926 0.0121336 0.0345085 0.025233 0.0295764 0.00314146 0.00790681 0.00685367 0.00154125 -0.00945644 0.00500967 0.000366703 0.00244344 -0.00483333 -0.00361209 -1.60389e-006 
0.0067433 -0.579783 -0.467851 0.0874291 -0.408638 0.0209706 -0.966592 -0.0938011 -1.53661 -0.115681 -1.06804 -0.230994 0.120669 -0.147544 1.15663 -0.0105936 0.0194804 0.565271 -0.543867 -0.609346 -0.080766 -0.148569 24.2441 -1.00656 -0.440056 -0.507246 -0.381516 -0.378653 -0.206865 -0.28488 -0.788432 -1.06029 -0.818972 -0.243843 -0.186967 -0.743317 -0.0866361 -1.18605 -0.0304553 -0.838169 0.0390232 -0.602479 -0.461357 0.0411681 -0.594674 -0.477054 -0.0363972 -0.661388 -0.144625 0.00397702 -0.431935 -0.374135 0.0117138 -0.619007 0.315504 -0.0172912 -0.669439 0.366352 0.0264834 0.136026 -0.189697 0.0163251 0.19294 -0.0485476 -0.296308 -0.253784 -0.349637 -0.335991 0.0916906 -0.015585 0.0151903 0.0491462 0.00921405 0.0908289 0.0835208 0.0411253 0.0155464 0.0210751 0.0295455 0.0518777 0.0536245 -0.0360866 0.04417 0.00806674 0.0341856 0.0770108 -0.0127321 -0.0173272 0.0110781 0.0416007 0.0857313 0.0807812 0.080744 0.020305 0.0277765 0.0267341 0.011478 -0.0351934 0.0254756 0.0154818 0.0209841 -0.0143689 -0.0102359 0.00575305 
0.0069394 -0.579363 -0.338635 0.0414984 -0.349006 0.00459327 -1.22123 -0.111876 -2.11647 -0.134997 -1.27895 -0.384528 0.831224 -0.303607 2.67378 -0.123051 0.0228101 1.59103 -0.64889 -0.698018 0.169377 0.0385467 -1.00656 23.51 -0.378504 -0.535195 -0.424806 -0.320333 0.086645 -0.0839537 -1.08859 -1.62991 -1.12766 -0.227492 -0.157995 -0.729534 -0.138824 -1.1433 -0.03987 -0.848907 0.040239 -0.765547 -0.513278 0.0455106 -0.844585 -0.698982 -0.0419567 -0.931997 -0.172144 0.00232038 -0.461394 -0.423891 0.0180267 -0.680675 0.276259 -0.0201168 -0.707066 0.357607 0.0328859 0.162465 -0.320539 0.0223202 0.168806 -0.138888 -0.415832 -0.286922 -0.508023 -0.525124 0.0277697 -0.0245155 0.0191078 0.0421409 0.0122416 0.0862875 0.0615705 0.00952753 0.0294379 0.018863 0.0285951 0.0629663 0.0670365 -0.0430263 0.0664795 0.0168495 0.0689403 0.0851094 -0.0129612 -0.0206719 0.00770538 0.0480603 0.093821 0.0875719 0.0910144 0.0296805 0.0407281 0.0348659 0.0244041 -0.0409416 0.0394409 0.0246155 0.0353782 -0.01685 -0.0126502 0.0085926 
0.00677098 -0.548657 -0.460212 0.000705883 -0.356237 -0.0431963 -0.704365 -0.137363 -1.03365 -0.156825 -1.0658 -0.332566 -1.10985 -0.503114 -1.20732 -0.417353 0.0415481 -1.07898 -0.473698 -0.546699 -0.354506 -0.34496 -0.440056 -0.378504 24.3527 -0.488669 -0.361616 -0.431516 -0.45295 -0.432008 -0.349985 -0.295704 -0.492679 -0.270946 -0.20762 -0.732752 -0.0174823 -1.0501 -0.0582192 -0.71592 0.0375898 -0.398794 -0.512707 0.0636813 -0.320469 -0.368581 -0.0722467 -0.418864 -0.261525 -0.0137854 -0.476681 -0.418349 0.0712379 -0.642287 0.0662761 -0.0338856 -0.735776 0.0820483 0.069063 -0.15938 -0.308889 0.0644124 -0.00322016 -0.192066 -0.248024 -0.302709 -0.271209 -0.378997 -0.151402 -0.0570793 0.0450002 -0.0274129 0.0340446 -0.0643703 -0.165341 -0.115342 0.189353 -0.00259328 -0.0342276 -0.0339947 0.0294125 -0.0755464 0.15604 0.134565 0.248614 0.104865 0.131787 -0.0466886 -0.00366917 0.0637882 0.113266 0.101581 0.103223 0.093637 0.0646384 0.0739012 0.0641835 -0.0691755 0.107612 0.110924 0.132802 -0.0308947 -0.0271224 0.032292 
-0.0210842 -3.73719 -0.178016 -0.262995 1.39485 0.0768045 -0.261391 0.46244 -0.695355 0.443747 -0.6585 -0.178246 -0.451337 0.149274 -0.216768 0.178111 -0.0996133 -0.361823 -2.98811 -1.70419 -0.76441 -0.462088 -0.507246 -0.535195 -0.488669 19.8725 -3.62523 -1.85273 -0.69309 -0.386493 -0.476319 -0.52177 -0.53496 -4.52665 -3.74309 -0.529549 -0.2981 0.14329 0.191928 -0.221403 -0.125322 -0.446243 1.14153 -0.169035 -0.395863 -0.333023 0.171995 -0.446222 0.818576 0.0193507 -0.855382 1.87634 -0.144311 2.06618 -0.634007 0.0830958 1.45459 -0.394541 -0.155626 -0.368339 -0.129645 -0.132682 -0.869372 -0.264039 -0.432763 0.769101 -0.302506 -0.227174 -0.0885604 0.172005 -0.100302 0.0259506 -0.0730138 0.0433547 0.149925 -9.48337e-005 -0.392467 0.0261927 0.0884082 0.0937554 -0.0606442 0.197484 -0.271633 -0.287053 -0.390016 -0.272669 -0.332707 0.110387 0.0452788 -0.15701 -0.262906 -0.281882 -0.237942 -0.188435 -0.0937901 -0.15138 -0.0800554 0.170521 -0.195809 -0.229694 -0.247432 0.0707199 0.0576343 -0.0667238 
-0.00900336 -2.05919 2.01419 0.0107412 2.78944 0.105674 0.337303 0.278978 -0.689311 0.26215 -0.726724 -0.0824427 -0.406924 0.109015 -0.138111 0.153829 -0.0466753 -0.2465 -2.53225 -1.41116 -0.413218 -0.179709 -0.381516 -0.424806 -0.361616 -3.62523 22.025 -1.51684 -0.448651 -0.183756 -0.32731 -0.396195 -0.396167 -3.10337 -2.65191 -0.711117 -0.144371 -0.295943 0.146849 -0.283772 -0.0561727 -0.302809 0.535696 -0.0777968 -0.271698 -0.212473 0.0774432 -0.311611 0.502874 0.0105852 -0.791807 1.07379 -0.0697085 1.0574 -0.174531 0.0400185 0.65344 -0.0262683 -0.0739431 -0.138271 -0.055333 -0.063269 -0.353132 -0.0898832 -0.236041 0.401736 -0.181858 -0.12528 0.0751684 0.124669 -0.0476572 0.0588587 -0.0351683 0.0512273 0.103141 0.0333119 -0.18962 0.0517794 0.0753831 0.0458431 -0.0345895 0.107812 -0.12982 -0.140929 -0.194499 -0.117826 -0.164675 0.0535843 0.070524 -0.0718718 -0.0858616 -0.126106 -0.0882666 -0.0911961 -0.0382885 -0.0711408 -0.0379022 0.0824482 -0.0950434 -0.112281 -0.12087 0.0326943 0.0268957 -0.0322099 
8.6933e-005 -1.18319 0.593728 0.143758 1.12143 0.0904695 0.379068 0.0773426 0.437303 0.0514074 0.135934 -0.0449621 -0.290187 0.135817 -0.488854 0.22468 -0.0138767 -0.538381 -1.23655 -0.773644 -0.799228 -0.656364 -0.378653 -0.320333 -0.431516 -1.85273 -1.51684 23.8425 -1.22679 -1.03373 -0.572862 -0.367253 -0.406754 -1.5654 -1.39568 -1.06858 -0.0875281 -1.52646 0.0488645 -1.13474 2.10751e-005 -0.579584 -0.0462348 -0.0144918 -0.348387 -0.228441 0.0202971 -0.342691 0.152556 0.0113604 -0.645452 0.255829 -0.03782 0.0609883 0.25512 0.0107525 -0.249716 0.345022 -0.0274489 -0.0130828 -0.0288166 -0.0295938 -0.0184522 0.0213001 -0.274088 0.0273073 -0.208473 -0.110942 0.209091 0.0561566 -0.019047 0.0783605 -0.0157758 0.11268 0.160087 0.0960467 -0.110654 0.0387044 0.0601989 0.0529745 0.00945317 0.0333064 -0.0637016 -0.0838136 -0.124896 -0.0132552 -0.102982 0.0190805 0.0374244 -0.0135128 0.00362724 -0.0114671 -0.000666084 -0.0460251 -0.0176715 -0.0279858 -0.0295769 0.0226324 -0.0497711 -0.0614381 -0.0685773 0.00922431 0.00932419 -0.0171321 
0.00327853 -0.755106 -1.05269 0.391267 -0.365972 0.142348 1.26589 -0.00604245 3.36512 -0.0388265 2.33197 -0.0355644 0.110134 0.130728 -1.23458 0.275042 0.00387114 -1.10376 -0.0293066 -0.0372622 -1.79407 -1.64195 -0.206865 0.086645 -0.45295 -0.69309 -0.448651 -1.22679 22.0639 -2.69169 -0.929853 -0.133712 -0.282754 -0.706687 -0.769373 -1.64652 -0.047787 -3.21736 0.014299 -2.45029 0.0240103 -1.04509 -0.326078 0.0156777 -0.428472 -0.242704 -0.0121112 -0.322391 0.0137365 0.00899042 -0.544373 -0.161065 -0.0162635 -0.491115 0.657178 -0.00514899 -0.894225 0.772614 -0.00174218 0.0287754 -0.0361254 -0.00801548 0.132566 0.0873975 -0.422507 -0.146074 -0.271789 -0.118593 0.401076 0.0381459 -0.0026192 0.112125 -0.00358567 0.141261 0.175887 0.138003 -0.0430112 0.0423095 0.0539977 0.0218044 0.00888351 -0.00251114 -0.0153883 -0.0406529 -0.0644423 0.0376997 -0.0544306 -0.000402148 0.0323632 0.0147069 0.0559984 0.0418825 0.0443467 -0.0154473 -0.00702033 -0.00254544 -0.0216227 -0.00843369 -0.0183429 -0.0245576 -0.0289196 -0.00435864 -0.00196417 -0.00737421 
0.00496855 -0.60344 -1.27059 0.267927 -0.681923 0.085533 1.02955 -0.0599751 3.0333 -0.0864178 2.17759 -0.161315 0.33671 -0.0598378 -0.698756 0.0927966 0.0151669 -0.739647 0.151128 0.0374513 -1.61995 -1.52001 -0.28488 -0.0839537 -0.432008 -0.386493 -0.183756 -1.03373 -2.69169 22.4779 -1.00217 -0.330064 -0.397137 -0.425844 -0.5063 -1.53533 -0.0664892 -3.05776 -0.010177 -2.36103 0.0328621 -1.07693 -0.422408 0.0325018 -0.518134 -0.357916 -0.0309484 -0.433607 -0.0985637 0.00473014 -0.50274 -0.304779 0.00419793 -0.625506 0.533711 -0.0143868 -0.98409 0.638638 0.0180181 -0.0425842 -0.151878 0.0102221 0.0647619 -0.0158226 -0.481387 -0.218886 -0.351938 -0.251926 0.252251 0.00888451 0.0101235 0.0820672 0.00607031 0.111286 0.114362 0.0797427 0.00586207 0.0331532 0.0396132 0.0298871 0.0310907 -0.025215 0.0299102 -0.00289943 0.0101053 0.0650342 -0.0195929 -0.0130667 0.0234469 0.0328634 0.0809811 0.0680548 0.071056 0.0114986 0.0166317 0.0188857 0.0017803 -0.0275383 0.0141523 0.00679589 0.00948749 -0.0125281 -0.0091273 0.00196763 
0.00660546 -0.578574 -0.676714 0.0231839 -0.460054 0.00156281 -0.346773 -0.105374 -0.132618 -0.124838 0.148893 -0.371009 0.983475 -0.28073 1.9579 -0.102954 0.0206081 1.09493 -0.333846 -0.39634 -0.461268 -0.522871 -0.788432 -1.08859 -0.349985 -0.476319 -0.32731 -0.572862 -0.929853 -1.00217 23.8326 -1.31779 -0.938324 -0.311233 -0.293321 -1.01922 -0.143915 -1.8443 -0.0326418 -1.44605 0.0389766 -0.958449 -0.48918 0.0424045 -0.810843 -0.655076 -0.0389327 -0.833297 -0.180503 0.00379347 -0.486651 -0.388692 0.0124107 -0.658549 0.279945 -0.0186443 -0.820372 0.372869 0.0285968 0.0238314 -0.320056 0.0180523 0.0459592 -0.158443 -0.51042 -0.272316 -0.517077 -0.502999 0.0270392 -0.0196773 0.016213 0.0471268 0.0100454 0.100719 0.0834977 0.0179073 0.0113371 0.023242 0.0373172 0.0779999 0.0739858 -0.0381058 0.056142 0.00523419 0.0495667 0.0824855 -0.0258045 -0.0177961 0.0128068 0.0458631 0.0934096 0.0847943 0.0910527 0.0230734 0.040725 0.0309608 0.0222619 -0.0374076 0.0325298 0.0162218 0.0254774 -0.0157413 -0.0115338 0.00597711 
0.00668771 -0.572218 -0.412211 -0.0297296 -0.362145 -0.0190609 -0.972839 -0.118156 -1.56572 -0.13759 -0.719528 -0.512432 1.45652 -0.450242 3.4723 -0.244902 0.0247016 2.13557 -0.555935 -0.592659 0.0782977 -0.0664009 -1.06029 -1.62991 -0.295704 -0.52177 -0.396195 -0.367253 -0.133712 -0.330064 -1.31779 23.1221 -1.2434 -0.262119 -0.202145 -0.795226 -0.181898 -1.33266 -0.0413036 -1.07259 0.0388538 -0.952891 -0.507808 0.0469259 -0.999242 -0.843313 -0.0452514 -1.07274 -0.194047 0.000549402 -0.472568 -0.414026 0.0230727 -0.66442 0.190775 -0.0217053 -0.736506 0.301132 0.0370291 0.084551 -0.437386 0.0268894 0.0489296 -0.242174 -0.550613 -0.287865 -0.630245 -0.670101 -0.0602043 -0.0306664 0.0217747 0.0287377 0.0145013 0.0713704 0.0289686 -0.0308045 0.0398596 0.017189 0.0261832 0.0712403 0.0759139 -0.0461012 0.0831161 0.0244525 0.0997166 0.0882267 -0.0121188 -0.0228521 0.00779796 0.0513097 0.09803 0.0891291 0.0965213 0.0369862 0.0510605 0.0407054 0.0353565 -0.0439387 0.0504399 0.0321771 0.0474006 -0.0185343 -0.0144604 0.0107891 
0.00657754 -0.587149 -0.452607 -0.0450603 -0.368887 -0.0527411 -0.865794 -0.145475 -1.34154 -0.165503 -0.878476 -0.577934 0.33682 -0.72302 1.44169 -0.557315 0.0426307 0.718615 -0.534478 -0.584277 -0.122592 -0.204504 -0.818972 -1.12766 -0.492679 -0.53496 -0.396167 -0.406754 -0.282754 -0.397137 -0.938324 -1.2434 24.0184 -0.292656 -0.221127 -0.78139 -0.11568 -1.20243 -0.0605099 -0.940849 0.0373452 -0.762614 -0.542627 0.0649107 -0.762571 -0.740837 -0.0744755 -0.867938 -0.26584 -0.0142966 -0.506427 -0.441193 0.0721964 -0.67977 0.0336091 -0.0350918 -0.775736 0.119977 0.0715129 -0.112361 -0.517561 0.0663136 -0.0661802 -0.334471 -0.486932 -0.320302 -0.550869 -0.687469 -0.21726 -0.0598566 0.0461062 -0.0287731 0.0348652 -0.0601091 -0.179766 -0.153434 0.187482 -0.000943123 -0.0285964 -0.0150083 0.0439213 -0.0774798 0.173893 0.130114 0.276488 0.10916 0.110354 -0.0471558 -0.00257291 0.0679571 0.119534 0.104565 0.111609 0.0972083 0.0760675 0.0784773 0.0747678 -0.0712831 0.116716 0.11135 0.139636 -0.0319485 -0.0283004 0.0326635 
-0.0237192 -3.33848 -0.446077 -0.468118 1.07308 -0.0131964 0.12569 0.422471 0.223021 0.398126 0.10709 -0.192238 -0.115749 0.0895087 -0.18676 0.0692354 -0.107254 -0.25675 -2.42951 -1.26486 -0.758055 -0.470118 -0.243843 -0.227492 -0.270946 -4.52665 -3.10337 -1.5654 -0.706687 -0.425844 -0.311233 -0.262119 -0.292656 20.8875 -3.39028 -0.230561 -0.309043 0.491553 0.121466 -0.0388211 -0.139155 -0.334198 1.18932 -0.184155 -0.266834 -0.251794 0.190459 -0.284935 0.731373 0.0180509 -0.65693 1.84345 -0.150598 2.13203 -0.871953 0.0882365 1.54778 -0.670705 -0.166279 -0.535804 -0.148688 -0.140218 -1.04715 -0.339859 -0.417488 0.75858 -0.254659 -0.208102 -0.270058 0.122682 -0.106746 -0.0453934 -0.0770068 -0.0161739 0.0895112 -0.061715 -0.407915 -0.0327674 0.0369155 0.080172 -0.0701334 0.189767 -0.289021 -0.29564 -0.395211 -0.311081 -0.339713 0.115083 -0.026301 -0.173631 -0.34278 -0.314181 -0.296327 -0.197655 -0.11567 -0.162907 -0.0892548 0.180004 -0.206462 -0.238368 -0.256634 0.0766955 0.0619791 -0.0697578 
-0.0155323 -2.64824 0.0232163 -0.142112 1.24949 0.0936397 0.353917 0.403188 0.468148 0.418775 0.285135 -0.115335 -0.0262238 0.0887923 -0.157242 0.101213 -0.069467 -0.212098 -2.05708 -1.05006 -0.709839 -0.456388 -0.186967 -0.157995 -0.20762 -3.74309 -2.65191 -1.39568 -0.769373 -0.5063 -0.293321 -0.202145 -0.221127 -3.39028 22.1592 -0.321799 -0.195192 0.135163 0.224457 -0.191438 -0.0938815 -0.307145 1.02044 -0.121354 -0.215308 -0.182907 0.115662 -0.2168 0.695445 0.0112758 -0.528577 1.55023 -0.0952961 1.73968 -0.503808 0.0597475 1.24921 -0.301035 -0.106626 -0.294669 -0.0916382 -0.0885812 -0.708622 -0.204734 -0.310635 0.689759 -0.189382 -0.137161 -0.0531437 0.170538 -0.0682607 0.0461714 -0.0492184 0.0279546 0.0892317 -0.00597938 -0.25933 0.0676258 0.0989504 0.0712038 -0.0442735 0.161632 -0.178964 -0.188615 -0.255109 -0.184878 -0.218215 0.0788123 0.103014 -0.10942 -0.137492 -0.20135 -0.138363 -0.125206 -0.0439525 -0.101179 -0.0399105 0.123911 -0.127652 -0.152042 -0.162497 0.0486107 0.0391214 -0.0442065 
0.0171169 -0.252252 0.748528 0.0998095 0.774436 0.00624118 0.0849637 -0.242216 -0.0103972 -0.293396 -0.26858 -0.00978816 -0.463755 0.278611 -0.432605 0.439008 0.0291711 -0.642342 -0.723565 -0.718737 -0.904215 -0.868176 -0.743317 -0.729534 -0.732752 -0.529549 -0.711117 -1.06858 -1.64652 -1.53533 -1.01922 -0.795226 -0.78139 -0.230561 -0.321799 23.1387 -0.0751082 -3.12752 -0.107098 -2.10995 0.0978085 -0.979062 -1.06646 0.0823075 -0.624237 -0.381038 -0.0548365 -0.622039 -0.420423 0.0242501 -0.904516 -0.916126 -0.0182127 -1.46673 0.77929 -0.0286971 -1.67252 0.739268 0.0281909 0.104541 0.0101026 -3.24175e-005 0.452301 0.166274 -0.364797 -0.605208 -0.321668 -0.142582 0.315566 -0.0509516 0.0127222 0.119015 0.00231796 0.299396 0.387516 0.240494 -0.101075 0.026087 0.077981 0.178582 0.14356 -0.0707374 -0.0163421 -0.0674767 -0.131104 0.154426 -0.0981967 -0.0213705 -0.0119378 0.0773378 0.14372 0.176642 0.147118 -0.0129985 0.0152368 0.0210066 -0.0320104 -0.059774 -0.0179446 -0.0351598 -0.047115 -0.0208592 -0.00992327 -0.00671936 
0.0771943 -0.27795 -0.256443 -0.840816 -0.12566 -0.386301 -0.0568492 -0.218699 0.020796 -0.267384 0.0795906 -0.0716169 0.211813 0.347328 0.361114 0.20173 0.0336863 0.224536 -0.112394 -0.0621617 -0.0477192 -0.0477854 -0.0866361 -0.138824 -0.0174823 -0.2981 -0.144371 -0.0875281 -0.047787 -0.0664892 -0.143915 -0.181898 -0.11568 -0.309043 -0.195192 -0.0751082 24.5627 0.0389323 -0.246726 -0.0797703 0.42399 -0.149642 -0.270611 0.262798 -0.120377 -0.0734567 -0.0563378 -0.105596 -0.34185 0.130406 -0.282805 -0.170507 -0.228282 -0.114903 -0.523086 -0.0434225 -0.195123 -0.661008 -0.061248 -0.475572 0.0442958 -0.164996 -0.445678 -0.129042 -0.188364 -0.269536 -0.0876995 -0.0238422 -0.468615 -0.253454 -0.0487759 -0.416669 -0.0741122 -0.381579 -0.230776 -0.302142 -0.728567 -0.226391 -0.436639 -0.538738 -0.622842 -0.170839 -0.73834 -0.518856 -0.773162 0.265768 -0.580942 -0.0682431 -0.181396 0.0524417 -0.0201511 0.515908 -0.135622 -0.305634 -0.843535 -0.197635 -0.887503 -0.105353 -0.520358 -0.38702 -0.496064 -0.0166116 0.0281057 -0.0964828 
0.0226692 0.0212745 0.157262 1.18162 0.129816 0.349465 0.236869 -0.283092 0.921032 -0.384533 0.412297 0.176322 -0.215345 0.615977 -0.265801 0.972412 0.0535426 -0.715534 -0.358254 -0.726143 -1.71 -1.70081 -1.18605 -1.1433 -1.0501 0.14329 -0.295943 -1.52646 -3.21736 -3.05776 -1.8443 -1.33266 -1.20243 0.491553 0.135163 -3.12752 0.0389323 19.1075 -0.0957486 -3.94509 0.141402 -1.69192 -1.63543 0.128001 -1.00489 -0.504393 -0.104199 -0.939012 -0.355111 0.0252693 -1.09059 -1.5488 0.0024047 -2.53567 2.18735 -0.0499775 -2.75563 2.26244 0.0587414 0.895626 0.19241 0.0233573 1.43134 0.624145 -0.422075 -0.880389 -0.420093 -0.0601251 1.25162 0.00644282 0.0320514 0.316454 0.0158974 0.449899 0.556938 0.4911 -0.00184919 0.0905741 0.118707 0.0643535 0.0829174 -0.104166 0.0366189 -0.023192 -0.102253 0.238153 -0.0402179 -0.0455943 0.0371725 0.116178 0.263092 0.26267 0.230305 0.0184323 0.00663543 0.0485609 -0.0490072 -0.100218 0.00740419 0.00317299 -0.0113747 -0.0393778 -0.0249427 0.00265245 
-0.197521 0.178274 0.125397 -0.123684 0.0323828 -0.50062 -0.0124568 -0.58967 -0.0756042 -1.61566 -0.0818971 -0.167412 -0.0726537 -0.0849204 -0.0721773 -0.136959 -0.455553 -0.0740603 0.0857649 0.0252682 0.022899 0.00399359 -0.0304553 -0.03987 -0.0582192 0.191928 0.146849 0.0488645 0.014299 -0.010177 -0.0326418 -0.0413036 -0.0605099 0.121466 0.224457 -0.107098 -0.246726 -0.0957486 22.5338 -0.0665558 -1.01233 -0.0546852 -0.883508 -1.01886 -0.0526495 -0.0834474 0.976691 -0.0668135 -0.370168 -0.115655 -0.468665 -0.551069 -0.296919 -0.50559 -0.116174 0.336233 -0.405873 -0.212193 -0.60149 -0.231183 -0.0708862 -0.359012 -0.122404 -0.0811562 -0.0708014 -1.09594 -0.0596643 -0.116117 -0.0889468 -1.01868 -0.365252 -1.01502 -0.205738 -0.800635 -0.52896 -0.328652 -0.303814 -1.86002 -1.28426 -0.6834 -0.418579 0.0686807 -0.347063 -0.365311 -0.334981 -2.05109 -0.311393 0.394301 -2.61563 -0.905786 -3.36178 -2.01871 -2.46791 -0.395005 -0.471738 -0.515787 0.112206 0.668587 -0.305841 -0.372471 -0.342555 0.337523 0.212386 -0.152008 
