   104   104     1
     24.9432     -0.02727   -0.0215268    0.0613777  -0.00649892    0.0123391   0.00591547  -0.00626553    0.0189198    -0.108851    0.0183863    0.0183466    0.0114416   -0.0374725   0.00701125   -0.0101522    -0.080241   0.00922684  -0.00844723  0.000771905  5.32533e-05   0.00241363   0.00921245     0.010409    0.0100253   -0.0318409   -0.0158218  -0.00196044   0.00462781   0.00822841    0.0101088    0.0103771    0.0103638   -0.0344695   -0.0226148    0.0238706    0.0754979    0.0347314    -0.223962    0.0226143     -0.28623    0.0121014  0.000419413    -0.233885   0.00834417    0.0051323     0.163579   0.00836097    0.0328737   -0.0544587  -0.00358614    0.0291741    0.0199489    0.0423897    0.0218908    0.0659038    0.0516333    0.0328416   -0.0691186    0.0264108  -0.00780243  -0.00486952    0.0104018   0.00429916    0.0097464   -0.0393684   0.00471005   0.00427376    0.0551262   -0.0408905   -0.0442976   -0.0093145     0.017187    0.0966855     0.119589     0.096123     0.127054    -0.156253    0.0192227     0.197699      0.22608    0.0878712     0.175312    0.0832655     0.138591    -0.347644    0.0975769     0.097337    -0.266677    -0.134793    -0.431321    -0.445927    -0.255695    0.0310606     0.255299  -0.00620902     0.334046     0.140038     0.122653    0.0509089    0.0883811    0.0535779    0.0197791   0.00493973
    -0.02727      21.2853     -3.41263    -0.217048     -1.91176    0.0658484     -1.38934     0.370444    -0.768953     0.370965    -0.554033    -0.166693    -0.460542     0.160592    -0.290066     0.215325   -0.0920661    -0.442078     -1.82235     -1.27281    -0.891985    -0.676536    -0.570262    -0.571175     -0.53731     -3.71818     -2.20172     -1.33615    -0.823846     -0.60797    -0.569088     -0.56827    -0.584338     -3.22994     -2.63773    -0.243348    -0.275812    0.0585831     0.167775    -0.356179     -0.10847    -0.510003      1.00746    -0.149298    -0.439064    -0.358511     0.151639    -0.485293     0.710011    0.0193199    -0.430287      1.49378     -0.13769      1.76419    -0.489749     0.072671      1.36787    -0.236467    -0.141253    -0.171042    -0.124893    -0.124228    -0.738268    -0.228355    -0.436623      0.65207     -0.31772    -0.228535   -0.0280704    -0.093201     0.143966   -0.0685084    0.0345749    0.0827604     0.198906    0.0541139    -0.351788    0.0272842    0.0878204     0.106179   -0.0328467     0.174881    -0.239365    -0.269974    -0.362071    -0.215328    -0.305292      0.10629    0.0434953    -0.136719    -0.218437     -0.23505    -0.191858    -0.173114   -0.0790757    -0.140539   -0.0806403     0.152433    -0.180437    -0.211742    -0.231461    0.0599614    0.0469159    -0.063844
  -0.0215268     -3.41263      13.3295    -0.248822     -10.2383    0.0122476     -3.50425     0.247945     0.288672     0.295108     0.659465    -0.147878    -0.102558     0.146905     -0.46187     0.198011   -0.0782751    -0.544703      1.88317     0.508957     -1.19778     -1.27518    -0.446414    -0.317337    -0.446666     -0.16961      1.99044      0.46964     -1.16125     -1.29214    -0.668691    -0.398382    -0.440712    -0.474877    0.0141551      0.74707    -0.248544     0.139616     0.116338     -0.56683   -0.0876295    -0.595938     0.965978      -0.1254    -0.406038    -0.312558     0.129575    -0.403419     0.483023    0.0172724     0.620011     0.905568     -0.12288      1.37035    -0.415892    0.0599581      1.25667    -0.193943    -0.121242  -0.00934456    -0.118105    -0.109915      -0.6511    -0.211004    -0.439376     0.565149    -0.300546    -0.205477   -0.0519447   -0.0809423    0.0936653   -0.0595627    0.0140891    0.0866091     0.199474    0.0545766    -0.318365   0.00657069    0.0678179     0.110657   -0.0122682     0.140716     -0.21387    -0.241803    -0.328084    -0.179701    -0.276886     0.090997    0.0170187    -0.113287    -0.194724    -0.194002    -0.167345    -0.153996   -0.0733595    -0.122202   -0.0751198     0.127242    -0.161169    -0.189214    -0.207839    0.0512214    0.0407611    -0.056289
   0.0613777    -0.217048    -0.248822      19.2506    -0.112876      -1.8341    0.0940559      -0.8121     0.240394    -0.492248     0.224534     0.169982     0.154236      1.44788    0.0894165      1.02449   -0.0304926    0.0448812    0.0332353     0.129285      0.11028    0.0927663    0.0829037    0.0356452   0.00177474    -0.267698   -0.0115345     0.118167     0.375763     0.259236     0.016993    -0.038554   -0.0453979    -0.462166    -0.166747     0.102962    -0.828767      1.20211    -0.109151     0.364296     0.303473    -0.259459     -1.17532     0.152585    -0.170655   -0.0522302   0.00910303   -0.0919669     -2.37921     0.176332    -0.965454     -1.16655    -0.366475    -0.879427     -3.59739  -0.00195958     -1.34595      -4.7014    -0.109121     -3.13357     0.138833    -0.245773     -2.76138     -0.92723    -0.871329    -0.893279    -0.265464     0.148577     -2.97831    -0.103644    -0.300221     -0.12586    -0.111768      1.40465      2.16643     0.673525     -1.53128     0.138493     0.646331      2.13099      1.39966  -0.00455946    -0.644803    -0.915878     -1.51987     0.421719     -1.13972     0.100087     0.104704     0.192581     0.409133      0.50724     0.546749    -0.430196     0.219447    -0.147188    -0.124396   -0.0214301    -0.442457    -0.633551    -0.756422    0.0167807    0.0570306    -0.158396
 -0.00649892     -1.91176     -10.2383    -0.112876      15.4404  -0.00635548     -3.54342    0.0565383    -0.569819    0.0956712   -0.0122517   -0.0737708    -0.214049     0.105675    -0.252121     0.155035   -0.0321583    -0.345064      2.46097     0.800173    -0.606508    -0.808856    -0.409599    -0.348596    -0.363872      1.38006      2.88171      1.09962    -0.452912    -0.728636    -0.475552    -0.367258    -0.374684     0.978829      1.23115     0.786886    -0.127339     0.102511    0.0325744    -0.347566    -0.026838    -0.375681     0.385161   -0.0470235    -0.291612    -0.212763    0.0537304    -0.309913     0.127876    0.0108089     0.728842     0.117785   -0.0596565     0.395753   -0.0877478    0.0235337     0.500311    0.0124633   -0.0518302     0.156279   -0.0554981   -0.0506602    -0.187282   -0.0704767     -0.22845     0.203045    -0.185736    -0.123395    0.0144439   -0.0355696    0.0267313    -0.026932    0.0163935    0.0797609     0.145602    0.0612541    -0.161391  -0.00142911    0.0363677    0.0768011    0.0150244       0.0527    -0.101713    -0.121337    -0.170267   -0.0646221    -0.143282    0.0390354 -0.000323768    -0.042268   -0.0754581   -0.0660807   -0.0609605   -0.0736929   -0.0322194   -0.0540475   -0.0398716    0.0504154   -0.0778404   -0.0931321    -0.104738    0.0215802     0.018241   -0.0266267
   0.0123391    0.0658484    0.0122476      -1.8341  -0.00635548      24.2737    0.0433011    -0.424266    0.0557323    -0.510379     0.032681    -0.117796   -0.0152174     0.246473    -0.067984    0.0723383   -0.0512231   -0.0671615    0.0823702    0.0754806    0.0522835    0.0350687    0.0198146   0.00243805   -0.0439011    0.0639254    0.0983404    0.0865073     0.139813    0.0827213  -0.00276991   -0.0229803   -0.0536778   -0.0270134    0.0744571   0.00282478    -0.383823     0.361891    -0.509518    0.0973266    0.0826851    -0.108502    -0.618926   -0.0027065   -0.0875549    -0.103035     0.105357   -0.0857182    -0.896095    0.0655724    -0.414477    -0.566608     -0.18759    -0.473812     -1.22087    0.0225261    -0.599042     -1.58261    -0.115281     -1.10435   -0.0701376    -0.149173    -0.939263    -0.392148     -0.32295    -0.556947    -0.143166   -0.0902719     -1.07277   -0.0815886    -0.353858   -0.0758244    -0.367898    0.0361778      0.26501    -0.066952    -0.593717    -0.340568    -0.215026     0.208823    0.0597899   -0.0817693    -0.416237    -0.405072    -0.588664   -0.0721288    -0.467864    0.0446217    -0.441616   -0.0550276    -0.387818    0.0394142    -0.255542    -0.239947    -0.302251    -0.162714    -0.317437    0.0334373    -0.305781    -0.304105    -0.361348    0.0367766    0.0430989   -0.0834967
  0.00591547     -1.38934     -3.50425    0.0940559     -3.54342    0.0433011      21.2845   -0.0420575     -5.02687   -0.0562627      -3.6943    -0.027891     -1.30957     0.151939     0.306452     0.246808   0.00180168   -0.0416559     -0.34656    -0.920549     0.614385     0.445117    -0.971934     -1.23472    -0.710842    -0.296886     0.337163     0.420309      1.31051      1.04475    -0.346729    -0.985871     -0.87823     0.105716      0.34332    0.0716356   -0.0611221      0.22587   -0.0113955     0.271916    0.0271638    -0.100517    -0.253728     0.016221    -0.397654     -0.29945  -0.00341655    -0.566382   -0.0307743    0.0123492   -0.0968351    -0.268394   -0.0209867    -0.386009     0.311324  -0.00189344    -0.203944     0.312262  -0.00381075     0.394475    0.0101947   -0.0129725     0.386488     0.112094   -0.0128967    -0.132335    -0.157289     -0.11719     0.194425  -0.00449311   0.00714261  -0.00569413    0.0648394     0.129148     0.181577      0.12399   -0.0696588    0.0210516    0.0435791    0.0694469    0.0443199  -0.00361802   -0.0287932   -0.0538905   -0.0887774    0.0334217   -0.0711747   0.00372138    0.0082041    0.0134327    0.0375676    0.0418949    0.0360619   -0.0246883  -0.00365227  -0.00745822   -0.0219953  -0.00472749   -0.0274348   -0.0379827   -0.0438634  0.000520543   0.00323045  -0.00811788
 -0.00626553     0.370444     0.247945      -0.8121    0.0565383    -0.424266   -0.0420575      24.6314    -0.178768    -0.547532     -0.18403    -0.135842    -0.141002    0.0115181    -0.122117   -0.0633542   -0.0535024    -0.137731     0.167513     0.044971    0.0342686  -0.00522985    -0.083566    -0.101855    -0.128242     0.423817     0.272729     0.089762   0.00884084    -0.048087   -0.0968968    -0.109208    -0.134541     0.377052     0.363263    -0.243235    -0.213222    -0.260479    -0.597975    -0.191963   -0.0143919      -0.1464    -0.692672   -0.0608455     -0.11812      -0.1272     0.125349    -0.132201    -0.629924    0.0248496    -0.329553    -0.666728    -0.111969    -0.735032    -0.437696    0.0288808    -0.769903    -0.648561   -0.0980368    -0.531661   -0.0861879   -0.0985695     -0.30928    -0.186055    -0.179473    -0.580833    -0.117903    -0.122428    -0.508977   -0.0644096    -0.344611   -0.0502811    -0.341914    -0.156331   -0.0463276    -0.132834     -0.28613    -0.416054    -0.328926   -0.0997244     -0.10716   -0.0897651    -0.247956     -0.21546     -0.28386    -0.194063    -0.237483    0.0383113    -0.548855   -0.0999711    -0.538806    -0.111765    -0.385647    -0.147083    -0.276843    -0.125748    -0.219208    0.0495033    -0.189811    -0.172602    -0.199477    0.0398915    0.0336772   -0.0508255
   0.0189198    -0.768953     0.288672     0.240394    -0.569819    0.0557323     -5.02687    -0.178768      15.1033     -0.22431     -7.52078    0.0312323     -2.43649      0.18333     0.883539     0.301637    0.0378758      0.30148     -1.89815     -2.07956       2.0157      1.74818     -1.50147     -2.08405     -1.00986     -0.69689    -0.687303      0.57654      3.46971      3.03183     -0.10803     -1.54016     -1.31927     0.254016     0.472772   -0.0200717    0.0210292     0.897883   -0.0743626       1.2138     0.082161     0.309027     -0.85577    0.0821697    -0.431819    -0.338365   -0.0643187    -0.762191    -0.255061    0.0116975    -0.488074    -0.823269    0.0223322     -1.21441     0.647087   -0.0302095    -0.783287     0.528537    0.0486564     0.703715    0.0894565    0.0287198     0.975101     0.293059     0.272491    -0.471647    -0.083118   -0.0855502     0.315993    0.0296471   -0.0330157    0.0179556    0.0917648     0.160631     0.194199     0.169509    0.0339266    0.0272448    0.0390728     0.059998     0.075676   -0.0705892    0.0510607    0.0248576   0.00764721     0.133445    0.0141438   -0.0351584   0.00369622    0.0725194     0.142923     0.153359     0.130647    0.0308026    0.0259945     0.043028  -0.00177352   -0.0651602    0.0299205    0.0260261    0.0252265   -0.0224594   -0.0133294    0.0126856
   -0.108851     0.370965     0.295108    -0.492248    0.0956712    -0.510379   -0.0562627    -0.547532     -0.22431      23.8315    -0.226246    -0.183392    -0.168602    -0.060942    -0.133785    -0.124441     -0.25693    -0.155729     0.141244    0.0160598     0.020507   -0.0169617    -0.106274    -0.124462    -0.148707     0.409769      0.25782    0.0643488   -0.0238406   -0.0754685     -0.11511    -0.127955    -0.154832     0.358892     0.381487    -0.298696    -0.254546    -0.369838     -1.60241    -0.237709     -0.49422    -0.152292    -0.935988    -0.525925    -0.126637    -0.144749     0.558999    -0.151097    -0.605015    -0.038863    -0.463673    -0.766896    -0.217019    -0.825076    -0.247278     0.179698    -0.805714    -0.425335    -0.352783    -0.413675   -0.0986491    -0.238239    -0.183828    -0.141822    -0.147896    -0.947983    -0.116619       -0.153    -0.325403    -0.219243     -0.73988     -0.13182    -0.735483    -0.531511    -0.342588    -0.271849    -0.318839     -1.20004    -0.878851    -0.471602    -0.335798   -0.0324451    -0.344374    -0.314889     -0.33817     -1.07124    -0.297959     0.230859     -1.64121    -0.505548      -1.9956     -1.02072     -1.44315    -0.289658    -0.448063    -0.336678    -0.134451     0.356549    -0.286648    -0.293439    -0.297462     0.181224     0.111655    -0.105876
   0.0183863    -0.554033     0.659465     0.224534   -0.0122517     0.032681      -3.6943     -0.18403     -7.52078    -0.226246      18.9293    0.0548457     -3.00076    0.0713881     -1.24639      0.13571    0.0467591     -1.13751      -1.6317     -1.73336      1.30729      1.17577     -1.01627     -1.22031     -1.02337    -0.643958    -0.716814     0.243176        2.392      2.15863     0.178719    -0.670335    -0.832224     0.141214      0.28527    -0.274533    0.0803796     0.405057   -0.0784151     0.829279    0.0786566     0.339478    -0.826577    0.0890788    -0.147694    -0.143998    -0.078522    -0.421384    -0.300541   0.00281362    -0.523677    -0.776109    0.0483821     -1.16045     0.534344   -0.0366757    -0.877211     0.398331    0.0657287     0.432605    0.0856066    0.0492388     0.790451     0.240724     0.282545    -0.463597    0.0247487  -0.00613313     0.217311    0.0417369   -0.0476244    0.0280703    0.0554076    0.0810588    0.0699351    0.0928472     0.110355     0.018384   0.00696325   0.00829286     0.052192   -0.0854229    0.0922155    0.0825804    0.0962511      0.13825    0.0849484    -0.048623 -0.000963094    0.0792097     0.148798     0.154856     0.132467    0.0627861    0.0369786    0.0623879    0.0195876    -0.078213    0.0642802    0.0694009    0.0732065   -0.0289903   -0.0200613    0.0238247
   0.0183466    -0.166693    -0.147878     0.169982   -0.0737708    -0.117796    -0.027891    -0.135842    0.0312323    -0.183392    0.0548457      23.6422     0.172482     -2.40288     0.325013     -2.37449     0.117828    0.0481616   -0.0743975   -0.0472784   -0.0673792    -0.113667    -0.230808    -0.383643    -0.322851    -0.178991   -0.0912648   -0.0548284   -0.0446679    -0.163449    -0.370542    -0.512844    -0.567168    -0.178345    -0.117613   -0.0186649   -0.0486028     0.150417    -0.161828     -0.14434     0.078524    -0.424735    -0.165119     0.158805    -0.524026    -0.957962    -0.187117    -0.712998    -0.216086   -0.0671245    -0.170031    -0.105361     0.247281   -0.0800619    -0.780851   -0.0898984    -0.173304    -0.519439     0.189583    -0.620047     -1.26503     0.202215    -0.700332     -1.02524    -0.561554    -0.172155    -0.688665     -1.34663    -0.962276      0.13524    -0.201637     0.106429    -0.420441    -0.977333     -1.55039      -1.0634     0.743672     -0.16809    -0.465779    -0.796036    -0.472827    -0.228592     0.400926     0.511595      1.00612     0.131305     0.539299    -0.174657    -0.115953     0.100399    0.0745023     0.166942  -0.00690768      0.30511   -0.0961297     0.185485    0.0148836    -0.186594     0.298764     0.394545     0.474819   -0.0803088   -0.0715635     0.110797
   0.0114416    -0.460542    -0.102558     0.154236    -0.214049   -0.0152174     -1.30957    -0.141002     -2.43649    -0.168602     -3.00076     0.172482      20.3698   -0.0961019     -6.57824    -0.185251    0.0506867     -4.72702    -0.716692    -0.842036    -0.286762    -0.128778     0.148225     0.870325      -1.0809    -0.435392    -0.404453    -0.260442     0.134569      0.33983      1.00415      1.49933     0.373946   -0.0893824   -0.0300676    -0.475298     0.214033    -0.212186   -0.0681134     0.263069    0.0464704     0.565018    -0.540487    0.0758813     0.613606     0.392917   -0.0841103     0.456856     -0.29516    -0.017049     -0.41773    -0.481437    0.0893719    -0.723887     0.173053   -0.0394608     -0.72372    0.0102684     0.081415    -0.158694     0.133153    0.0778128      0.29434     0.141326     0.369665    -0.315722      0.34749     0.257136   -0.0120349    0.0549322   -0.0608456     0.041226   -0.0286384    -0.104423    -0.194772   -0.0713065     0.240795  -0.00857949   -0.0595235    -0.103749   -0.0105225    -0.090401     0.150711     0.183849     0.246654     0.105638     0.217368   -0.0618306   -0.0105802    0.0695497      0.11553      0.11063    0.0966317     0.111483    0.0500096    0.0835791    0.0569218   -0.0819093     0.117091     0.140165     0.154418    -0.034054   -0.0283298    0.0405763
  -0.0374725     0.160592     0.146905      1.44788     0.105675     0.246473     0.151939    0.0115181      0.18333    -0.060942    0.0713881     -2.40288   -0.0961019      20.1683    -0.226213     -4.67494     0.194481    -0.395412     0.114011     0.112284   0.00294354   -0.0721733     -0.15603    -0.306391    -0.495562     0.139582     0.106652     0.138185     0.121746   -0.0666552    -0.287552    -0.453133    -0.709787    0.0857841    0.0866195     0.273155     0.366602     0.572764   -0.0807821    0.0886122    -0.243386    -0.419096    0.0930856     0.060793     -0.65495     -1.56053     -0.29652     -1.02136    0.0994514    -0.251729    0.0993481    0.0955883       0.6863      0.13501     -0.82511    -0.128958     0.120054    -0.151359      0.41736    -0.541265     -2.32885     0.539289    -0.748291     -1.69793    -0.701653    0.0164725     -1.05921     -2.38551     -1.20406     0.302945    -0.137671      0.27233    -0.444723     -1.64961      -2.9039     -1.82177       2.1001    -0.144315    -0.569955     -1.21556     -0.47417    -0.274306      1.40969      1.46636      2.63143  -0.00984145      1.58354    -0.269397    -0.072071     0.136273      0.11889    -0.175263     0.058073     0.867299     0.525523     0.536932     0.807435     -0.25162       1.0446      1.11684      1.36913    -0.137119    -0.162047      0.30265
  0.00701125    -0.290066     -0.46187    0.0894165    -0.252121    -0.067984     0.306452    -0.122117     0.883539    -0.133785     -1.24639     0.325013     -6.57824    -0.226213      13.4025    -0.470776     0.059301     -8.10363   -0.0696483    -0.216781     -1.34065    -0.949445      1.15527      2.68924     -1.18885    -0.203616    -0.141622    -0.508995     -1.23216    -0.686302      1.96084      3.49807      1.46842    -0.169143    -0.164295    -0.448902     0.364693    -0.264962   -0.0693807     0.201778    0.0256675     0.991911    -0.329175    0.0736672       1.3955     0.940606   -0.0979881      1.30067     -0.31959   -0.0355485    -0.303443    -0.281137     0.132973    -0.394558    -0.160883    -0.046298    -0.547447    -0.385653     0.103005    -0.626792     0.222915     0.109414    -0.065556    0.0928051     0.572217    -0.218278     0.716038      0.55181     -0.23066     0.071615    -0.083997    0.0562235    -0.115387    -0.286871    -0.452038    -0.222839     0.376545   -0.0383267    -0.129927    -0.219002   -0.0731547    -0.106526     0.209986     0.288668     0.394458    0.0887637     0.354769   -0.0801934   -0.0240665    0.0670966    0.0982426    0.0852558    0.0728507     0.163088    0.0571452     0.108787    0.0904364   -0.0945061     0.170199     0.215329     0.236243   -0.0420893   -0.0380444    0.0587811
  -0.0101522     0.215325     0.198011      1.02449     0.155035    0.0723383     0.246808   -0.0633542     0.301637    -0.124441      0.13571     -2.37449    -0.185251     -4.67494    -0.470776      20.3918     0.206663    -0.523606     0.181261     0.201259    0.0674834  -0.00237311   -0.0254843    -0.137352    -0.431977     0.172668     0.156437     0.232068     0.268777    0.0792783    -0.119363      -0.2627    -0.573044    0.0696343     0.104631     0.453371     0.238677     0.956792    -0.134413     0.326037   -0.0939919     -0.29996    0.0656475     0.153726     -0.55112     -1.47456    -0.323464    -0.906313   -0.0474862    -0.206552    0.0853914    0.0697274     0.608174     0.190527     -1.14932      -0.1457     0.175307    -0.566236      0.39803     -0.78319     -2.27419     0.483187    -0.985924      -1.7525     -0.70049   -0.0411366     -1.00773     -2.31662     -1.45583     0.287403    -0.217989     0.246989    -0.583689     -1.75531     -2.95042     -1.90584      1.85266    -0.200364    -0.689589      -1.3476    -0.652223    -0.329624      1.16174      1.29085       2.3647    0.0912747      1.39203    -0.295293    -0.106696     0.156623     0.140682    0.0127123    0.0377376     0.762662     0.252581     0.468331     0.508674    -0.291852     0.864266     0.984958      1.19762    -0.144459    -0.153473     0.269463
   -0.080241   -0.0920661   -0.0782751   -0.0304926   -0.0321583   -0.0512231   0.00180168   -0.0535024    0.0378758     -0.25693    0.0467591     0.117828    0.0506867     0.194481     0.059301     0.206663      24.8566    0.0591566   -0.0326002  -0.00751785  -0.00338348   0.00544825    0.0209786    0.0254241    0.0438885    -0.102555   -0.0513932   -0.0175988   0.00321905    0.0175501    0.0232707    0.0275252    0.0453047     -0.10872   -0.0705292    0.0351874    0.0273169    0.0632289    -0.470403    0.0425943    -0.391726    0.0319875   -0.0405736    -0.353994    0.0368684    0.0734459     0.290528    0.0542887    0.0187179   -0.0550077   -0.0463449    0.0307769    -0.048922    0.0691246     0.020062     0.111533    0.0820762  -0.00383397    -0.158693    0.0232774    0.0980647   -0.0732728   0.00229975    0.0709208     0.032175    -0.120949    0.0496294     0.108932    0.0993271   -0.0983551    -0.140191   -0.0467149   -0.0678243    0.0947072     0.209913     0.150898   -0.0151587    -0.345838   -0.0845797     0.190127     0.204909     0.118871    0.0639338     -0.03313   -0.0337987    -0.566569   -0.0188566     0.162105    -0.535991    -0.244364    -0.804007    -0.662733    -0.522459   -0.0584141     0.182471   -0.0918809     0.307287     0.232324    0.0345322   -0.0487043   -0.0206877    0.0973417    0.0491501    -0.027729
  0.00922684    -0.442078    -0.544703    0.0448812    -0.345064   -0.0671615   -0.0416559    -0.137731      0.30148    -0.155729     -1.13751    0.0481616     -4.72702    -0.395412     -8.10363    -0.523606    0.0591566      19.2374    -0.236494    -0.364808     -1.08232    -0.813885     0.578551      1.61351     -1.04979    -0.350607    -0.253719    -0.551245     -1.09174    -0.716826      1.10938      2.16285     0.749027    -0.236379    -0.222361    -0.656993     0.227991    -0.695184   -0.0685541    -0.232212    0.0346187     0.447517    -0.428684    0.0781106     0.760974     0.442329   -0.0978742     0.663096    -0.335053   -0.0295089    -0.399295    -0.357054     0.121331    -0.538889   -0.0950993   -0.0455581     -0.71555    -0.235332    0.0999288    -0.520124  -0.00828476      0.10274   -0.0642648   -0.0434044     0.244508    -0.267596     0.334087     0.176819    -0.238003    0.0685967   -0.0796776    0.0532689   -0.0910397    -0.223959    -0.386271    -0.214466     0.333179   -0.0259029    -0.101294     -0.16138    -0.038295    -0.103761     0.206752     0.253338     0.375292     0.102363     0.294122   -0.0759999   -0.0181873    0.0738471      0.11396     0.100264    0.0923112     0.151829    0.0672669     0.106774     0.090631   -0.0938386     0.163251     0.193053     0.218165   -0.0409505   -0.0360049    0.0542986
 -0.00844723     -1.82235      1.88317    0.0332353      2.46097    0.0823702     -0.34656     0.167513     -1.89815     0.141244      -1.6317   -0.0743975    -0.716692     0.114011   -0.0696483     0.181261   -0.0326002    -0.236494       22.459     -1.58068    -0.153818    0.0310899    -0.557625    -0.668119    -0.485291     -3.11677     -2.74796     -1.35491   -0.0429566     0.153842     -0.34067    -0.575065    -0.554246     -2.43808     -2.14663    -0.762519    -0.120191    -0.344359    0.0834239    -0.210286    -0.031193     -0.27186     0.225858   -0.0488715    -0.322972    -0.253458     0.052552     -0.40175     0.329827    0.0119615    -0.749843     0.665397   -0.0560243     0.573743  -0.00936574    0.0271858     0.307331    0.0959759   -0.0527057   -0.0111142   -0.0450329   -0.0485669    -0.131938   -0.0334686     -0.18872     0.196921    -0.187051    -0.135111     0.117148   -0.0348661    0.0805397   -0.0265849    0.0572611    0.0793312     0.138482    0.0714256    -0.146033    0.0385648    0.0628914    0.0553735  -0.00455809    0.0716452   -0.0925274    -0.115091     -0.15742    -0.064884    -0.131943    0.0404244    0.0409608   -0.0457685    -0.049511   -0.0716827   -0.0488181   -0.0692291   -0.0281748   -0.0525937    -0.034094    0.0559822     -0.07257   -0.0881523   -0.0952833    0.0218866    0.0180251   -0.0257763
 0.000771905     -1.27281     0.508957     0.129285     0.800173    0.0754806    -0.920549     0.044971     -2.07956    0.0160598     -1.73336   -0.0472784    -0.842036     0.112284    -0.216781     0.201259  -0.00751785    -0.364808     -1.58068      23.8186    -0.120657    -0.042082    -0.615241    -0.707015    -0.554351     -1.80828     -1.54367     -0.84354   -0.0518953    0.0309183    -0.402615    -0.602884    -0.594595     -1.29491     -1.12757    -0.764869   -0.0708699     -0.73375    0.0256841    -0.429106    0.0063721    -0.317916    -0.123956  -0.00455705     -0.34399    -0.250754    0.0122768    -0.423387     0.106028    0.0107892    -0.575566     0.130223   -0.0268747   -0.0667588     0.252544   0.00711268    -0.221193     0.302185   -0.0166507     0.109275   -0.0216799   -0.0202618     0.143578    0.0500456    -0.144404   -0.0268414    -0.176642    -0.118522     0.193434   -0.0119435    0.0402545   -0.0101102    0.0685546     0.102997     0.145703    0.0978062   -0.0764215    0.0319266    0.0494815    0.0492129    0.0175343    0.0215326   -0.0389636   -0.0614695   -0.0900973   0.00223205   -0.0760429    0.0132925    0.0271532  -0.00513887    0.0151522   0.00392876    0.0110366   -0.0320472  -0.00875825   -0.0181653   -0.0200675    0.0138751   -0.0341448   -0.0449556   -0.0492259   0.00630102   0.00681916   -0.0115354
 5.32533e-05    -0.891985     -1.19778      0.11028    -0.606508    0.0522835     0.614385    0.0342686       2.0157     0.020507      1.30729   -0.0673792    -0.286762   0.00294354     -1.34065    0.0674834  -0.00338348     -1.08232    -0.153818    -0.120657      23.8108     -1.04106   -0.0722388      0.17762     -0.34571    -0.794578    -0.467757    -0.880494     -1.82061      -1.5937    -0.448702    0.0868664    -0.112271    -0.765062    -0.748697    -0.932154   -0.0504618     -1.67836    0.0240822     -1.31278   0.00147107    -0.571685   -0.0324355  -0.00365511    -0.205623    -0.139582   0.00645526     -0.15561    0.0513374    0.0049609    -0.324345     0.106383   -0.0128412   -0.0261479     0.185766   0.00403198    -0.341086     0.257083  -0.00833645    -0.141163   -0.0686126  -0.00915886   -0.0965989   -0.0313861    -0.277249   0.00492563     -0.16533     -0.10197     0.118962  -0.00580383    0.0272954   -0.0044123    0.0402335     0.048785    0.0619178    0.0401868   -0.0339846    0.0205798    0.0274479     0.016338   0.00184934    0.0139665   -0.0157987   -0.0288038   -0.0352229   0.00066717   -0.0377892   0.00626231    0.0213416  -0.00390885    0.0108595 -0.000334625   0.00538032   -0.0136718  -0.00365859  -0.00819538  -0.00933776   0.00814645    -0.014287   -0.0213051   -0.0212868   0.00328345   0.00328214  -0.00561803
  0.00241363    -0.676536     -1.27518    0.0927663    -0.808856    0.0350687     0.445117  -0.00522985      1.74818   -0.0169617      1.17577    -0.113667    -0.128778   -0.0721733    -0.949445  -0.00237311   0.00544825    -0.813885    0.0310899    -0.042082     -1.04106      24.0592    -0.124393    0.0593872    -0.321133    -0.459823    -0.202292    -0.700281     -1.63288     -1.46545    -0.492222   -0.0454003    -0.182149    -0.459602     -0.47336    -0.871739   -0.0466207     -1.63489   0.00532267     -1.26797    0.0102752    -0.582108    -0.130862   0.00992191    -0.252497    -0.190525  -0.00772972    -0.214312   -0.0240156   0.00248314    -0.279437   -0.0402692   0.00123017    -0.190438     0.192798   -0.0028932    -0.459422     0.251171   0.00586058    -0.127603    -0.109863   0.00363488   -0.0570203   -0.0547213    -0.284264   -0.0614231    -0.196671    -0.154141    0.0831333   0.00348913   0.00985228   0.00253371    0.0318579    0.0379858    0.0343213    0.0192157 -0.000225672    0.0164502     0.018347    0.0134036     0.012129  -0.00374132    0.0125355  -0.00262834   0.00908747    0.0203067   -0.0122654  -0.00372888    0.0142729   0.00993474    0.0294702    0.0207073     0.024706   0.00452249   0.00871843   0.00692228   0.00362287  -0.00641995   0.00622747  0.000339499   0.00363133  -0.00244846  -0.00142781   0.00104011
  0.00921245    -0.570262    -0.446414    0.0829037    -0.409599    0.0198146    -0.971934    -0.083566     -1.50147    -0.106274     -1.01627    -0.230808     0.148225     -0.15603      1.15527   -0.0254843    0.0209786     0.578551    -0.557625    -0.615241   -0.0722388    -0.124393      24.2839    -0.965777    -0.411547    -0.492333    -0.387287    -0.368533    -0.183218     -0.25796    -0.752183     -1.02451    -0.785862    -0.219877    -0.194273    -0.754637   -0.0819576     -1.15268   -0.0285919    -0.790161    0.0385419    -0.578862    -0.427982    0.0409108    -0.578835    -0.465449   -0.0345205    -0.640486     -0.14686   0.00482914    -0.394916    -0.351477    0.0146672    -0.610689     0.305874   -0.0152499     -0.69942     0.342856    0.0274899    0.0961276    -0.194731    0.0184949     0.201688    -0.054354     -0.28731    -0.232595     -0.34446    -0.333173    0.0844754     0.016985   -0.0125046    0.0113027    0.0440735    0.0778207     0.066906    0.0330157    0.0223577    0.0203982    0.0265152    0.0458541    0.0494056   -0.0333801    0.0470716    0.0141558    0.0424559     0.070175  -0.00599368   -0.0186311    0.0101558    0.0396117    0.0808087    0.0763231    0.0742294     0.022815    0.0282094     0.028695    0.0145319   -0.0332451    0.0277737     0.017204    0.0250512   -0.0119726  -0.00769944   0.00798229
    0.010409    -0.571175    -0.317337    0.0356452    -0.348596   0.00243805     -1.23472    -0.101855     -2.08405    -0.124462     -1.22031    -0.383643     0.870325    -0.306391      2.68924    -0.137352    0.0254241      1.61351    -0.668119    -0.707015      0.17762    0.0593872    -0.965777      23.5471    -0.350297    -0.523386    -0.432459    -0.303266     0.110424    -0.061949     -1.05586      -1.6004     -1.09905    -0.201127    -0.165716    -0.743719    -0.134997     -1.11745   -0.0361341    -0.806595     0.042531    -0.745334    -0.480836    0.0476423    -0.833316    -0.689468    -0.040892    -0.914673    -0.178154   0.00411973    -0.424927    -0.401667     0.020787    -0.676234     0.269501   -0.0183483    -0.745096      0.33432    0.0345647     0.121704    -0.325434    0.0249261     0.179303    -0.146957    -0.410577    -0.266659    -0.507149    -0.524436     0.019636    0.0213923   -0.0230099    0.0146662    0.0392669     0.074298    0.0464796   0.00020427    0.0338066    0.0191872    0.0259253    0.0559683    0.0615519   -0.0409348    0.0666528    0.0213387    0.0738917     0.081164  -0.00836141   -0.0227921   0.00883818    0.0472354    0.0921482    0.0870282    0.0865255     0.031433    0.0383058    0.0371287    0.0245801   -0.0399377    0.0415088    0.0255983    0.0380572   -0.0146134  -0.00985728    0.0109633
   0.0100253     -0.53731    -0.446666   0.00177474    -0.363872   -0.0439011    -0.710842    -0.128242     -1.00986    -0.148707     -1.02337    -0.322851      -1.0809    -0.495562     -1.18885    -0.431977    0.0438885     -1.04979    -0.485291    -0.554351     -0.34571    -0.321133    -0.411547    -0.350297      24.3806    -0.470443    -0.366672     -0.42928    -0.434704    -0.406727    -0.325816    -0.270265    -0.465352    -0.240508    -0.212685    -0.750136   -0.0111927      -1.0306   -0.0580047    -0.676831    0.0382612    -0.381059    -0.479413    0.0643283    -0.305385    -0.354649   -0.0711698    -0.398696    -0.269491   -0.0131873     -0.43796     -0.39945    0.0733856     -0.63731      0.05568   -0.0327915    -0.771167    0.0579848    0.0700647    -0.191037    -0.303206    0.0661446   0.00607083    -0.194012    -0.235936    -0.281516    -0.262778    -0.369474    -0.162874    0.0469493   -0.0558978    0.0354709   -0.0302869   -0.0760502    -0.184893    -0.136627     0.186936  -0.00328192   -0.0355279   -0.0395216     0.022945   -0.0748864     0.151129     0.137795     0.247764    0.0943137     0.133835   -0.0502984  -0.00356747    0.0636452     0.106002    0.0956647    0.0945564    0.0959461    0.0629946    0.0767439    0.0670236   -0.0687952     0.110805     0.112139     0.135998   -0.0284141   -0.0237393     0.033905
  -0.0318409     -3.71818     -0.16961    -0.267698      1.38006    0.0639254    -0.296886     0.423817     -0.69689     0.409769    -0.643958    -0.178991    -0.435392     0.139582    -0.203616     0.172668    -0.102555    -0.350607     -3.11677     -1.80828    -0.794578    -0.459823    -0.492333    -0.523386    -0.470443      20.0005     -3.73788     -1.98509    -0.733222    -0.376801    -0.459115    -0.513046     -0.52667     -4.27154     -3.64428    -0.506139    -0.289755     0.199585     0.177224    -0.189709    -0.126458    -0.430353      1.10163    -0.168936    -0.389426    -0.335996     0.169487    -0.440059     0.806023    0.0189658    -0.769259        1.789     -0.14673      2.03812    -0.627442    0.0811606      1.52963    -0.365036    -0.156164    -0.298634     -0.13584    -0.134571    -0.865031    -0.268215    -0.433802     0.722806    -0.299839    -0.228126     -0.08551    -0.101878     0.154758   -0.0745638    0.0183358    0.0542945     0.171166    0.0270449    -0.369854    0.0204724    0.0797962    0.0944724   -0.0501647     0.192602     -0.25819    -0.285024    -0.377281    -0.248319    -0.318337      0.11644    0.0332548    -0.156142     -0.25533    -0.271213    -0.227652    -0.185474   -0.0912286    -0.154226   -0.0845365     0.169658    -0.194582    -0.224295    -0.244488      0.06628    0.0512675   -0.0688759
  -0.0158218     -2.20172      1.99044   -0.0115345      2.88171    0.0983404     0.337163     0.272729    -0.687303      0.25782    -0.716814   -0.0912648    -0.404453     0.106652    -0.141622     0.156437   -0.0513932    -0.253719     -2.74796     -1.54367    -0.467757    -0.202292    -0.387287    -0.432459    -0.366672     -3.73788      21.7916     -1.68009    -0.508286    -0.203542    -0.335337     -0.40729    -0.408873     -3.08957     -2.73589    -0.741627    -0.152097     -0.27601     0.142124    -0.284329   -0.0615309    -0.313626     0.557939   -0.0839183    -0.283751    -0.227214    0.0825149    -0.325573     0.518432    0.0116994    -0.755898      1.08655   -0.0761714      1.10732    -0.198093    0.0424468     0.726395   -0.0307492   -0.0795859    -0.126527   -0.0658668   -0.0688517    -0.385734     -0.10533    -0.255153     0.404227     -0.19456    -0.137278    0.0686409      -0.0519     0.120221   -0.0382555    0.0547825    0.0609853     0.122945    0.0494219    -0.192142    0.0495344    0.0764464    0.0563211   -0.0264852     0.112992    -0.130171    -0.150448    -0.201599    -0.115112    -0.168151     0.060881    0.0640004   -0.0764522   -0.0916612    -0.131184   -0.0905749   -0.0953595   -0.0377629   -0.0776243   -0.0406234     0.088846   -0.0997511    -0.117275    -0.127266    0.0333623    0.0262165   -0.0356636
 -0.00196044     -1.33615      0.46964     0.118167      1.09962    0.0865073     0.420309     0.089762      0.57654    0.0643488     0.243176   -0.0548284    -0.260442     0.138185    -0.508995     0.232068   -0.0175988    -0.551245     -1.35491     -0.84354    -0.880494    -0.700281    -0.368533    -0.303266     -0.42928     -1.98509     -1.68009      23.6942     -1.34277     -1.09534    -0.586341    -0.362714    -0.404912     -1.63159     -1.51872     -1.13701     -0.10115     -1.55373    0.0503471     -1.15228  -0.00405653    -0.601155   0.00769488   -0.0206832     -0.36042    -0.238082    0.0291215    -0.349133     0.171846    0.0138875    -0.621763     0.313427   -0.0438794     0.128943     0.230871    0.0155291    -0.222258       0.3231   -0.0333562    -0.053812   -0.0405224   -0.0352621   -0.0477443   0.00635921    -0.297404    0.0563809     -0.22246    -0.121578     0.202928   -0.0228259     0.058783   -0.0181748    0.0746296     0.114852     0.172478     0.105747     -0.12087    0.0383064    0.0609245    0.0593588    0.0117544    0.0427574   -0.0707032   -0.0947945    -0.137167   -0.0199808    -0.112449    0.0251021    0.0354099      -0.0209  -0.00736507   -0.0202983   -0.0102707   -0.0529603   -0.0204208   -0.0348944   -0.0346946    0.0313601   -0.0577269   -0.0713479   -0.0789145    0.0131096    0.0123137   -0.0196285
  0.00462781    -0.823846     -1.16125     0.375763    -0.452912     0.139813      1.31051   0.00884084      3.46971   -0.0238406        2.392   -0.0446679     0.134569     0.121746     -1.23216     0.268777   0.00321905     -1.09174   -0.0429566   -0.0518953     -1.82061     -1.63288    -0.183218     0.110424    -0.434704    -0.733222    -0.508286     -1.34277      21.9983     -2.67531     -0.91341    -0.115153    -0.262284    -0.728685    -0.835273     -1.71016   -0.0549656     -3.20144    0.0166318     -2.39059    0.0212079     -1.03362     -0.27503    0.0117619    -0.423232    -0.240022  -0.00287748    -0.313688    0.0212716    0.0109239    -0.509195    -0.112059   -0.0161424     -0.44771     0.641346  0.000116596    -0.914788     0.742409  -0.00298809   -0.0324789   -0.0471479   -0.0086623     0.138616    0.0780194    -0.423032    -0.117264    -0.274929    -0.125389     0.396457  -0.00290163    0.0396954  -0.00273272     0.107395     0.131679     0.168847     0.139833   -0.0426665    0.0401764    0.0506521    0.0205574    0.0081052   0.00612979    -0.015688   -0.0400217   -0.0623153    0.0295671   -0.0539521   0.00246896    0.0290377   0.00889764    0.0452209    0.0329146    0.0341969   -0.0164873  -0.00618028  -0.00461065   -0.0200657 -0.000892606    -0.018802    -0.028794   -0.0304472  0.000750501   0.00270666  -0.00614865
