    32    32     1
    0.510272  5.16592e-15  4.79599e-16  5.21224e-15  6.02342e-16 -1.72645e-14 -4.16984e-15   5.2325e-16 -7.42768e-18 -2.14391e-15  6.59123e-17  2.03253e-15  1.65763e-14  5.20749e-16 -2.47576e-14 -1.42842e-15 -1.25347e-15  2.38818e-15 -4.70494e-27 -1.21239e-16  3.89343e-16 -3.01235e-15 -3.32283e-15 -8.40724e-26 -8.40724e-26     2.36e-15 -1.63554e-26  2.36661e-26  1.14463e-15   8.6469e-15 -1.41129e-15 -3.11487e-15
 5.16592e-15    0.0807238  -0.00307976  -0.00526126   0.00068153   0.00372055   -0.0265271  0.000220419  2.93596e-06  -0.00734237  4.12544e-05 -0.000611029   -0.0109395  0.000496615    0.0147959 -0.000198798   0.00248947 -0.000740819  6.99158e-15  0.000377182    0.0268571   0.00140638    0.0312762  5.16592e-15  5.16592e-15   -0.0115658 -2.75402e-14 -2.05773e-14   0.00678788   -0.0440622    0.0255655    0.0159932
 4.79599e-16  -0.00307976   0.00228534 -0.000214232  6.38734e-05  7.66934e-05   -0.0033885   7.6004e-06 -1.30116e-07  -0.00191294   1.1938e-06 -2.17607e-05  -0.00692753  6.19098e-05  -0.00444676 -0.000160151 -0.000133126  0.000174784  3.04742e-16 -0.000110532    -0.002189  8.75587e-05   -0.0020059  4.79599e-16  4.79599e-16   -0.0031227 -1.84872e-16  3.17796e-16 -6.77134e-06  -0.00262612  -0.00382401  0.000819566
 5.21224e-15  -0.00526126 -0.000214232   0.00921586  0.000236706  -0.00204928 -0.000141174 -0.000300415   3.9523e-07   0.00604195 -4.58842e-05  0.000365384 -0.000991781 -0.000572821   0.00281433   0.00147137  2.27649e-05  -0.00153832  -1.8649e-15   0.00148923  -0.00246183  -0.00310985 -0.000555922  5.21224e-15  5.21224e-15   -0.0158065  2.19305e-15 -3.40637e-15 -0.000716982   0.00224663  -0.00212203 -0.000933473
 6.02342e-16   0.00068153  6.38734e-05  0.000236706   0.00183548  0.000233974   0.00063439  -2.9209e-06  2.38737e-06   0.00195925 -4.31356e-07  -3.1637e-05  0.000241916  9.48272e-06  0.000591863 -3.16799e-05  5.84419e-05  2.35932e-05 -3.14395e-16  8.63127e-06   0.00132824 -6.59238e-05  0.000410965  6.02342e-16  6.02342e-16  0.000553021  7.24863e-16  5.77174e-16 -0.000420664  -0.00102434   0.00101411  0.000232319
-1.72645e-14   0.00372055  7.66934e-05  -0.00204928  0.000233974    0.0229549   0.00395742 -0.000925788   -4.345e-06  -0.00561825 -0.000124573  -0.00284078    0.0074823 -0.000114892  -0.00350526   0.00077266  0.000770874   -0.0031226  6.28547e-16   0.00282196  -0.00984663 -0.000134962   0.00127462 -1.72645e-14 -1.72645e-14  -0.00233148  -1.8762e-14  1.30295e-14  0.000679411  0.000403748  -0.00138449  0.000285198
-4.16984e-15   -0.0265271   -0.0033885 -0.000141174   0.00063439   0.00395742     0.138902   0.00230646 -1.24439e-06   -0.0305301  0.000345157 -0.000431074  -0.00153806  0.000297764  -0.00300021  -0.00154169   0.00210486   0.00150898 -4.56936e-16 -0.000402359   -0.0562199 -0.000118981    0.0279196 -4.16984e-15 -4.16984e-15    0.0128112 -2.84894e-15 -1.34778e-15  0.000183181   0.00789755    0.0244096   -0.0071155
  5.2325e-16  0.000220419   7.6004e-06 -0.000300415  -2.9209e-06 -0.000925788   0.00230646     0.996937 -5.86057e-06    0.0027951 -0.000481218   6.8354e-05  -0.00113069  0.000198812 -0.000500971 -0.000427808  0.000817677  0.000496907  6.55897e-16 -0.000320859  -0.00217219  0.000178429   0.00173693   5.2325e-16   5.2325e-16  0.000514034 -5.30717e-16 -2.22602e-15 -0.000823143  -0.00183603  0.000195686   0.00020408
-7.42768e-18  2.93596e-06 -1.30116e-07   3.9523e-07  2.38737e-06   -4.345e-06 -1.24439e-06 -5.86057e-06  0.000279626  0.000163386 -8.79173e-07  5.26474e-07 -5.95274e-05  4.39986e-07 -2.28878e-05 -1.72292e-06  3.42731e-07  2.30264e-06 -6.80813e-18 -1.19015e-06 -4.83857e-05  1.12273e-07 -1.17703e-05 -7.42768e-18 -7.42768e-18  1.51796e-05  9.85357e-18 -1.97743e-17  5.85731e-05  4.57193e-05 -2.06923e-05 -4.54736e-06
-2.14391e-15  -0.00734237  -0.00191294   0.00604195   0.00195925  -0.00561825   -0.0305301    0.0027951  0.000163386    0.0802203  0.000420938  0.000797589     0.013694 -0.000593851  -0.00380419   0.00221818  -0.00214349  -0.00249784  1.50681e-14    0.0015674  -0.00836085  -0.00190872  -0.00223215 -2.14391e-15 -2.14391e-15   -0.0111923 -2.15488e-14  -2.3245e-14    -0.014078  -0.00749053   -0.0178186 -0.000307332
 6.59123e-17  4.12544e-05   1.1938e-06 -4.58842e-05 -4.31356e-07 -0.000124573  0.000345157 -0.000481218 -8.79173e-07  0.000420938     0.755572  8.39626e-06  -0.00016671  2.99224e-05 -7.62718e-05 -6.34851e-05  0.000124986   7.2012e-05  1.01695e-16 -4.59557e-05 -0.000335982  2.64838e-05   0.00026535  6.59123e-17  6.59123e-17   7.1999e-05 -9.27708e-17 -3.29529e-16 -0.000123453 -0.000280425  2.79601e-05  3.25733e-05
 2.03253e-15 -0.000611029 -2.17607e-05  0.000365384  -3.1637e-05  -0.00284078 -0.000431074   6.8354e-05  5.26474e-07  0.000797589  8.39626e-06  0.000371372 -0.000850045 -5.05898e-05   0.00047118  1.47258e-05 -4.51117e-05  0.000290978 -5.71118e-17 -0.000295043   0.00110021 -3.30534e-05 -0.000108569  2.03253e-15  2.03253e-15  0.000135238  1.89934e-15 -1.36961e-15 -8.60025e-05  6.01147e-05  0.000123867 -8.00219e-05
 1.65763e-14   -0.0109395  -0.00692753 -0.000991781  0.000241916    0.0074823  -0.00153806  -0.00113069 -5.95274e-05     0.013694  -0.00016671 -0.000850045    0.0640457 -0.000359492   -0.0107706  0.000757628  -0.00108861  -0.00147165 -7.00661e-15   0.00131413  -0.00267078 -0.000169513   -0.0135395  1.65763e-14  1.65763e-14   -0.0211695  2.87008e-14  -2.7112e-15  -0.00329839    0.0362525  -0.00421266   -0.0112676
 5.20749e-16  0.000496615  6.19098e-05 -0.000572821  9.48272e-06 -0.000114892  0.000297764  0.000198812  4.39986e-07 -0.000593851  2.99224e-05 -5.05898e-05 -0.000359492  0.000264432 -0.000376906 -0.000557313 -0.000136889  0.000549793 -1.32754e-16  -0.00031113  0.000206286  0.000243687 -7.86267e-05  5.20749e-16  5.20749e-16  0.000923102  1.91819e-15  -1.1431e-15 -7.59387e-06 -0.000333249  0.000268606  0.000113069
-2.47576e-14    0.0147959  -0.00444676   0.00281433  0.000591863  -0.00350526  -0.00300021 -0.000500971 -2.28878e-05  -0.00380419 -7.62718e-05   0.00047118   -0.0107706 -0.000376906    0.0343097   0.00114923   0.00020799 -0.000875142  2.67965e-15  0.000207184    0.0191779 -0.000664337    0.0115214 -2.47576e-14 -2.47576e-14    0.0162716  -1.0683e-14  2.03158e-14   0.00386097  -0.00893149    0.0150158   0.00427456
-1.42842e-15 -0.000198798 -0.000160151   0.00147137 -3.16799e-05   0.00077266  -0.00154169 -0.000427808 -1.72292e-06   0.00221818 -6.34851e-05  1.47258e-05  0.000757628 -0.000557313   0.00114923   0.00139911  0.000209202  -0.00154606  7.26247e-16  0.000910325 -0.000592418 -0.000630373  0.000491669 -1.42842e-15 -1.42842e-15  -0.00298183 -4.78992e-15  2.44735e-15 -3.79317e-05 -0.000128092 -0.000725107  6.23358e-05
-1.25347e-15   0.00248947 -0.000133126  2.27649e-05  5.84419e-05  0.000770874   0.00210486  0.000817677  3.42731e-07  -0.00214349  0.000124986 -4.51117e-05  -0.00108861 -0.000136889   0.00020799  0.000209202     0.194964 -0.000258311  6.98706e-16   0.00020193   0.00591547 -9.32654e-05   -0.0198194 -1.25347e-15 -1.25347e-15 -0.000748343 -2.31572e-15 -4.92968e-16  0.000378027  -0.00141652   0.00188056  0.000273508
 2.38818e-15 -0.000740819  0.000174784  -0.00153832  2.35932e-05   -0.0031226   0.00150898  0.000496907  2.30264e-06  -0.00249784   7.2012e-05  0.000290978  -0.00147165  0.000549793 -0.000875142  -0.00154606 -0.000258311   0.00201203 -1.15428e-15  -0.00132867   0.00189874  0.000765575 -0.000907863  2.38818e-15  2.38818e-15   0.00403488  6.39645e-15 -3.21066e-15  5.04477e-05   0.00065535  0.000974941 -0.000274265
-4.70494e-27  6.99158e-15  3.04742e-16  -1.8649e-15 -3.14395e-16  6.28547e-16 -4.56936e-16  6.55897e-16 -6.80813e-18  1.50681e-14  1.01695e-16 -5.71118e-17 -7.00661e-15 -1.32754e-16  2.67965e-15  7.26247e-16  6.98706e-16 -1.15428e-15     0.197614  6.50692e-16 -2.17047e-15  3.36762e-16  6.44953e-15 -4.70494e-27 -4.70494e-27    6.031e-15  7.09446e-27  1.01579e-26 -7.15889e-16 -1.59917e-14 -1.02452e-16  5.25565e-15
-1.21239e-16  0.000377182 -0.000110532   0.00148923  8.63127e-06   0.00282196 -0.000402359 -0.000320859 -1.19015e-06    0.0015674 -4.59557e-05 -0.000295043   0.00131413  -0.00031113  0.000207184  0.000910325   0.00020193  -0.00132867  6.50692e-16   0.00102234  -0.00210916 -0.000729239  0.000554692 -1.21239e-16 -1.21239e-16  -0.00357983  -3.4662e-15  1.66736e-15 -6.51245e-05 -0.000161636 -0.000809682  9.44118e-05
 3.89343e-16    0.0268571    -0.002189  -0.00246183   0.00132824  -0.00984663   -0.0562199  -0.00217219 -4.83857e-05  -0.00836085 -0.000335982   0.00110021  -0.00267078  0.000206286    0.0191779 -0.000592418   0.00591547   0.00189874 -2.17047e-15  -0.00210916    0.0731067   0.00146385   -0.0172694  3.89343e-16  3.89343e-16    0.0104659  6.07922e-15  9.55133e-16   0.00436794   -0.0096026    0.0118462    0.0053774
-3.01235e-15   0.00140638  8.75587e-05  -0.00310985 -6.59238e-05 -0.000134962 -0.000118981  0.000178429  1.12273e-07  -0.00190872  2.64838e-05 -3.30534e-05 -0.000169513  0.000243687 -0.000664337 -0.000630373 -9.32654e-05  0.000765575  3.36762e-16 -0.000729239   0.00146385   0.00115592  2.35851e-05 -3.01235e-15 -3.01235e-15   0.00528709 -2.79956e-16  7.10209e-16   0.00019929 -0.000744038   0.00081395  0.000284797
-3.32283e-15    0.0312762   -0.0020059 -0.000555922  0.000410965   0.00127462    0.0279196   0.00173693 -1.17703e-05  -0.00223215   0.00026535 -0.000108569   -0.0135395 -7.86267e-05    0.0115214  0.000491669   -0.0198194 -0.000907863  6.44953e-15  0.000554692   -0.0172694  2.35851e-05    0.0361238 -3.32283e-15 -3.32283e-15  -0.00455622 -2.02332e-14 -4.78964e-15   0.00210641   -0.0254145    0.0172948   0.00735233
-8.40724e-26  5.16592e-15  4.79599e-16  5.21224e-15  6.02342e-16 -1.72645e-14 -4.16984e-15   5.2325e-16 -7.42768e-18 -2.14391e-15  6.59123e-17  2.03253e-15  1.65763e-14  5.20749e-16 -2.47576e-14 -1.42842e-15 -1.25347e-15  2.38818e-15 -4.70494e-27 -1.21239e-16  3.89343e-16 -3.01235e-15 -3.32283e-15     0.510272 -8.40724e-26     2.36e-15 -1.63554e-26  2.36661e-26  1.14463e-15   8.6469e-15 -1.41129e-15 -3.11487e-15
-8.40724e-26  5.16592e-15  4.79599e-16  5.21224e-15  6.02342e-16 -1.72645e-14 -4.16984e-15   5.2325e-16 -7.42768e-18 -2.14391e-15  6.59123e-17  2.03253e-15  1.65763e-14  5.20749e-16 -2.47576e-14 -1.42842e-15 -1.25347e-15  2.38818e-15 -4.70494e-27 -1.21239e-16  3.89343e-16 -3.01235e-15 -3.32283e-15 -8.40724e-26     0.510272     2.36e-15 -1.63554e-26  2.36661e-26  1.14463e-15   8.6469e-15 -1.41129e-15 -3.11487e-15
    2.36e-15   -0.0115658   -0.0031227   -0.0158065  0.000553021  -0.00233148    0.0128112  0.000514034  1.51796e-05   -0.0111923   7.1999e-05  0.000135238   -0.0211695  0.000923102    0.0162716  -0.00298183 -0.000748343   0.00403488    6.031e-15  -0.00357983    0.0104659   0.00528709  -0.00455622     2.36e-15     2.36e-15     0.175637  3.42675e-15  4.07701e-15 -0.000578841    0.0125915   0.00746658  -0.00414811
-1.63554e-26 -2.75402e-14 -1.84872e-16  2.19305e-15  7.24863e-16  -1.8762e-14 -2.84894e-15 -5.30717e-16  9.85357e-18 -2.15488e-14 -9.27708e-17  1.89934e-15  2.87008e-14  1.91819e-15  -1.0683e-14 -4.78992e-15 -2.31572e-15  6.39645e-15  7.09446e-27  -3.4662e-15  6.07922e-15 -2.79956e-16 -2.02332e-14 -1.63554e-26 -1.63554e-26  3.42675e-15     0.270187  4.00445e-26  2.63865e-15   3.5785e-14 -5.15567e-15 -8.51895e-15
 2.36661e-26 -2.05773e-14  3.17796e-16 -3.40637e-15  5.77174e-16  1.30295e-14 -1.34778e-15 -2.22602e-15 -1.97743e-17  -2.3245e-14 -3.29529e-16 -1.36961e-15  -2.7112e-15  -1.1431e-15  2.03158e-14  2.44735e-15 -4.92968e-16 -3.21066e-15  1.01579e-26  1.66736e-15  9.55133e-16  7.10209e-16 -4.78964e-15  2.36661e-26  2.36661e-26  4.07701e-15  4.00445e-26     0.270187  2.02501e-15  1.44646e-14 -1.22564e-15 -4.48551e-15
 1.14463e-15   0.00678788 -6.77134e-06 -0.000716982 -0.000420664  0.000679411  0.000183181 -0.000823143  5.85731e-05    -0.014078 -0.000123453 -8.60025e-05  -0.00329839 -7.59387e-06   0.00386097 -3.79317e-05  0.000378027  5.04477e-05 -7.15889e-16 -6.51245e-05   0.00436794   0.00019929   0.00210641  1.14463e-15  1.14463e-15 -0.000578841  2.63865e-15  2.02501e-15   0.00437173 -0.000120032   0.00440357   0.00139642
  8.6469e-15   -0.0440622  -0.00262612   0.00224663  -0.00102434  0.000403748   0.00789755  -0.00183603  4.57193e-05  -0.00749053 -0.000280425  6.01147e-05    0.0362525 -0.000333249  -0.00893149 -0.000128092  -0.00141652   0.00065535 -1.59917e-14 -0.000161636   -0.0096026 -0.000744038   -0.0254145   8.6469e-15   8.6469e-15    0.0125915   3.5785e-14  1.44646e-14 -0.000120032    0.0522622   -0.0124886   -0.0156437
-1.41129e-15    0.0255655  -0.00382401  -0.00212203   0.00101411  -0.00138449    0.0244096  0.000195686 -2.06923e-05   -0.0178186  2.79601e-05  0.000123867  -0.00421266  0.000268606    0.0150158 -0.000725107   0.00188056  0.000974941 -1.02452e-16 -0.000809682    0.0118462   0.00081395    0.0172948 -1.41129e-15 -1.41129e-15   0.00746658 -5.15567e-15 -1.22564e-15   0.00440357   -0.0124886    0.0229105   0.00399537
-3.11487e-15    0.0159932  0.000819566 -0.000933473  0.000232319  0.000285198   -0.0071155   0.00020408 -4.54736e-06 -0.000307332  3.25733e-05 -8.00219e-05   -0.0112676  0.000113069   0.00427456  6.23358e-05  0.000273508 -0.000274265  5.25565e-15  9.44118e-05    0.0053774  0.000284797   0.00735233 -3.11487e-15 -3.11487e-15  -0.00414811 -8.51895e-15 -4.48551e-15   0.00139642   -0.0156437   0.00399537   0.00536529
* row and column names
WD_A_00
WS_A_05
PLUME_HEA
WD_A_08
PUMDENA
WD_A_01
WS_A_04
FALL_TIMA
LITHDENA
MEDIAN_GA
DIFFUSIOA
WD_A_02
WS_A_07
WD_A_03
WS_A_06
WD_A_04
WS_A_01
WD_A_05
WS_A_00
WD_A_06
WS_A_03
WD_A_07
WS_A_02
WD_A_09
WD_A_10
WS_A_08
WS_A_09
WS_A_10
STD_GRAIA
ALPHAA
EDDY_CONA
ERUPTIONA
