    32    32     1
    0.510272  7.21323e-15 -4.74277e-17  2.00976e-15 -2.81649e-17  -8.7095e-16 -1.18233e-16  4.10834e-16 -2.50756e-18  2.29536e-15  7.04271e-17  4.24563e-16 -5.38662e-15 -1.01531e-15  8.37031e-15  1.01391e-15  2.00871e-16 -1.34717e-16 -1.70932e-27 -5.01604e-16 -1.85584e-15 -1.93478e-16  1.14127e-15 -3.36684e-26 -3.36684e-26 -1.60129e-15  1.32199e-27 -3.42121e-27  1.01359e-16  9.53945e-17 -1.13568e-15 -2.66311e-15
 7.21323e-15     0.182946  -0.00362123  -0.00413074  0.000266562   0.00891362   -0.0395165  -0.00127216  9.26214e-06   -0.0125852 -0.000252832  -0.00315135    0.0103038   0.00499448   -0.0590538  -0.00586496  -0.00059728    0.0050093 -4.54615e-16  -0.00491066   0.00791649   0.00301611     0.022147  7.21323e-15  7.21323e-15   0.00207396  1.85365e-15  3.05138e-15  0.000809103  -0.00621239    0.0357292   -0.0113497
-4.74277e-17  -0.00362123   0.00204466    0.0009169  7.86978e-05 -0.000164765  -0.00268774 -2.08026e-05 -2.57655e-06  -0.00198492 -4.23068e-06  0.000112636  -0.00701814 -0.000359047  -0.00760125  0.000443952  2.14046e-05 -0.000291744 -4.48791e-17  0.000168525   -0.0026463 -0.000130302  -0.00104025 -4.74277e-17 -4.74277e-17  -0.00101238  2.45718e-17  1.18909e-16  0.000473582  -0.00118761  -0.00275964 -0.000479654
 2.00976e-15  -0.00413074    0.0009169    0.0476641 -3.38518e-05  -0.00682929   0.00359044 -0.000335248  1.09747e-05  -0.00195288 -5.81363e-05   0.00219519   0.00235646  -0.00278728   -0.0161284   0.00416843 -0.000362413  -0.00558729  9.51896e-16   0.00933287   0.00749867   -0.0183768  -0.00395826  2.00976e-15  2.00976e-15   0.00391119  7.72598e-16  3.75021e-16 -0.000105792  0.000978641  0.000262531 -0.000110047
-2.81649e-17  0.000266562  7.86978e-05 -3.38518e-05   0.00192927  -0.00010277  2.22592e-05 -4.94639e-06  1.08854e-07  0.000280237 -6.76045e-07  2.73718e-05  0.000459995  2.60804e-06  0.000679809 -4.15259e-05 -4.34898e-06  2.85018e-05  4.64891e-18  2.54551e-05  0.000197737 -2.47048e-05  0.000117151 -2.81649e-17 -2.81649e-17  3.84848e-05 -1.66993e-17 -8.71457e-18 -1.56581e-05  0.000103266  0.000554454  0.000292249
 -8.7095e-16   0.00891362 -0.000164765  -0.00682929  -0.00010277    0.0177128   -0.0101775  -0.00336178  -8.5633e-06   0.00689672   -0.0005789   -0.0058484  -0.00131354   0.00725297   0.00563031  -0.00796314  0.000492279   0.00567561  8.23771e-16    -0.003103   -0.0244005   0.00331158   0.00863068  -8.7095e-16  -8.7095e-16 -0.000846897  1.35653e-15 -7.40123e-16  0.000948814    0.0024376 -0.000860483 -7.61359e-05
-1.18233e-16   -0.0395165  -0.00268774   0.00359044  2.22592e-05   -0.0101775      0.18762  0.000167586 -9.15469e-06   0.00598398  2.40187e-05   0.00360968     0.010174  -0.00594343  0.000784085    0.0059708  0.000272731  -0.00309958 -1.39907e-15    -0.002624   -0.0300527   0.00244282    0.0274525 -1.18233e-16 -1.18233e-16   0.00155051 -1.45718e-15  5.07303e-15   0.00553354   -0.0105022    0.0347809    -0.018418
 4.10834e-16  -0.00127216 -2.08026e-05 -0.000335248 -4.94639e-06  -0.00336178  0.000167586     0.999101  1.64148e-08  0.000642298 -0.000170049  0.000897934  0.000462058  -0.00012519 -0.000667754  -0.00063838  -0.00029343  0.000671765 -2.70586e-18 -0.000349227   0.00175268  0.000208207  -0.00342514  4.10834e-16  4.10834e-16  4.65116e-05 -1.53675e-17  1.26729e-16  0.000401999 -0.000265797 -0.000618855  0.000751096
-2.50756e-18  9.26214e-06 -2.57655e-06  1.09747e-05  1.08854e-07  -8.5633e-06 -9.15469e-06  1.64148e-08  0.000280016    3.976e-05  1.93045e-08  3.86673e-06 -2.08986e-05 -7.92542e-06 -1.42861e-05  7.79919e-06  9.39579e-07 -4.87022e-06  -4.3309e-19  2.72954e-06  -2.5924e-05 -4.19453e-06 -7.28318e-06 -2.50756e-18 -2.50756e-18 -1.15276e-07 -1.58103e-18  2.14332e-18  2.29261e-05 -3.78574e-06  3.49498e-07  1.96653e-05
 2.29536e-15   -0.0125852  -0.00198492  -0.00195288  0.000280237   0.00689672   0.00598398  0.000642298    3.976e-05     0.213451  0.000121841  -0.00196569  -0.00948918  0.000227751   -0.0202266   0.00270194  -0.00011538  -0.00198683  1.34827e-16  -0.00105496    0.0101543   0.00190361   0.00122986  2.29536e-15  2.29536e-15  -0.00203111  1.69731e-15  -2.9927e-17   -0.0137652  0.000477564   -0.0184972   -0.0196337
 7.04271e-17 -0.000252832 -4.23068e-06 -5.81363e-05 -6.76045e-07   -0.0005789  2.40187e-05 -0.000170049  1.93045e-08  0.000121841     0.755616  0.000153325  7.62797e-05 -1.83537e-05 -8.24474e-05 -0.000109639 -4.96674e-05  0.000112658 -5.89049e-19  -5.7444e-05  0.000299102  3.49703e-05 -0.000578992  7.04271e-17  7.04271e-17  6.64355e-06 -5.37502e-18  7.73135e-18  8.12565e-05 -6.81422e-05 -0.000119124  0.000128034
 4.24563e-16  -0.00315135  0.000112636   0.00219519  2.73718e-05   -0.0058484   0.00360968  0.000897934  3.86673e-06  -0.00196569  0.000153325   0.00195501   2.1025e-05  -0.00249758  -0.00201334   0.00272939 -0.000195569  -0.00188968 -2.59731e-16  0.000979964   0.00789303  -0.00104953  -0.00262949  4.24563e-16  4.24563e-16  0.000178751 -4.42011e-16  2.57716e-16   -0.0002774 -0.000319365   3.7982e-05 -0.000164757
-5.38662e-15    0.0103038  -0.00701814   0.00235646  0.000459995  -0.00131354     0.010174  0.000462058 -2.08986e-05  -0.00948918  7.62797e-05   2.1025e-05     0.117209    0.0016516   -0.0183063  -0.00221147  0.000558004  0.000671496  1.79103e-15  0.000358911    0.0101936 -0.000585319  -0.00233284 -5.38662e-15 -5.38662e-15   -0.0235681 -1.79779e-15 -5.12411e-15  -0.00289858   0.00678755    0.0115097   0.00701143
-1.01531e-15   0.00499448 -0.000359047  -0.00278728  2.60804e-06   0.00725297  -0.00594343  -0.00012519 -7.92542e-06  0.000227751 -1.83537e-05  -0.00249758    0.0016516   0.00364567   0.00309917  -0.00437124  0.000369174   0.00296742  4.14837e-16   -0.0012379   -0.0125568   0.00119954    0.0022394 -1.01531e-15 -1.01531e-15  0.000222268  4.01152e-16 -3.04989e-16 -0.000207144 -0.000683772   0.00051744   0.00147325
 8.37031e-15   -0.0590538  -0.00760125   -0.0161284  0.000679809   0.00563031  0.000784085 -0.000667754 -1.42861e-05   -0.0202266 -8.24474e-05  -0.00201334   -0.0183063   0.00309917      0.12099  -0.00380817  -0.00104646   0.00301877  8.53885e-16  -0.00111602    0.0107951    0.0034325   0.00305385  8.37031e-15  8.37031e-15   0.00158672  1.67464e-15  2.25404e-15   0.00283882  -0.00660741   -0.0012916   0.00955521
 1.01391e-15  -0.00586496  0.000443952   0.00416843 -4.15259e-05  -0.00796314    0.0059708  -0.00063838  7.79919e-06   0.00270194 -0.000109639   0.00272939  -0.00221147  -0.00437124  -0.00380817   0.00609467 -0.000816616  -0.00449949 -7.08024e-16   0.00194294    0.0215944  -0.00173639  -0.00209151  1.01391e-15  1.01391e-15  -0.00035134 -2.30305e-16  2.53244e-16   0.00109011  0.000848488  -0.00017837  -0.00292027
 2.00871e-16  -0.00059728  2.14046e-05 -0.000362413 -4.34898e-06  0.000492279  0.000272731  -0.00029343  9.39579e-07  -0.00011538 -4.96674e-05 -0.000195569  0.000558004  0.000369174  -0.00104646 -0.000816616      0.19703  0.000784113  5.20296e-17 -0.000428514   0.00344871   0.00027556   -0.0078912  2.00871e-16  2.00871e-16  0.000100787  6.71787e-18  2.85193e-16 -0.000155946  0.000397433 -2.35651e-05  0.000233917
-1.34717e-16    0.0050093 -0.000291744  -0.00558729  2.85018e-05   0.00567561  -0.00309958  0.000671765 -4.87022e-06  -0.00198683  0.000112658  -0.00188968  0.000671496   0.00296742   0.00301877  -0.00449949  0.000784113   0.00382763   6.0251e-16  -0.00242744   -0.0162636   0.00262099   0.00197665 -1.34717e-16 -1.34717e-16 -0.000172901 -3.57596e-17 -1.19944e-16 -0.000718012 -0.000926195 -0.000214742    0.0017535
-1.70932e-27 -4.54615e-16 -4.48791e-17  9.51896e-16  4.64891e-18  8.23771e-16 -1.39907e-15 -2.70586e-18  -4.3309e-19  1.34827e-16 -5.89049e-19 -2.59731e-16  1.79103e-15  4.14837e-16  8.53885e-16 -7.08024e-16  5.20296e-17   6.0251e-16     0.197614 -5.15692e-17 -2.42627e-15 -4.31585e-16   2.8514e-18 -1.70932e-27 -1.70932e-27  4.95912e-16  6.69458e-28  8.51909e-28  6.64469e-17 -5.18432e-16 -1.19265e-15  7.91132e-16
-5.01604e-16  -0.00491066  0.000168525   0.00933287  2.54551e-05    -0.003103    -0.002624 -0.000349227  2.72954e-06  -0.00105496  -5.7444e-05  0.000979964  0.000358911   -0.0012379  -0.00111602   0.00194294 -0.000428514  -0.00242744 -5.15692e-17   0.00325056   0.00538391  -0.00468008  -0.00249575 -5.01604e-16 -5.01604e-16  0.000785992  5.11105e-16 -9.16374e-17 -0.000239165   0.00103947 -0.000865616  0.000791501
-1.85584e-15   0.00791649   -0.0026463   0.00749867  0.000197737   -0.0244005   -0.0300527   0.00175268  -2.5924e-05    0.0101543  0.000299102   0.00789303    0.0101936   -0.0125568    0.0107951    0.0215944   0.00344871   -0.0162636 -2.42627e-15   0.00538391     0.174363  -0.00282248    -0.014525 -1.85584e-15 -1.85584e-15   0.00190707  8.03821e-17  1.30963e-16    0.0116402    -0.018219    0.0104879   -0.0118703
-1.93478e-16   0.00301611 -0.000130302   -0.0183768 -2.47048e-05   0.00331158   0.00244282  0.000208207 -4.19453e-06   0.00190361  3.49703e-05  -0.00104953 -0.000585319   0.00119954    0.0034325  -0.00173639   0.00027556   0.00262099 -4.31585e-16  -0.00468008  -0.00282248   0.00818142   0.00253603 -1.93478e-16 -1.93478e-16  -0.00133322 -7.63019e-16  4.73126e-17  0.000449176 -0.000751024  0.000756383  -0.00111286
 1.14127e-15     0.022147  -0.00104025  -0.00395826  0.000117151   0.00863068    0.0274525  -0.00342514 -7.28318e-06   0.00122986 -0.000578992  -0.00262949  -0.00233284    0.0022394   0.00305385  -0.00209151   -0.0078912   0.00197665   2.8514e-18  -0.00249575    -0.014525   0.00253603    0.0204361  1.14127e-15  1.14127e-15  -0.00092454  1.39948e-15  1.18715e-15    0.0042054  -0.00396124    0.0110091  -0.00824944
-3.36684e-26  7.21323e-15 -4.74277e-17  2.00976e-15 -2.81649e-17  -8.7095e-16 -1.18233e-16  4.10834e-16 -2.50756e-18  2.29536e-15  7.04271e-17  4.24563e-16 -5.38662e-15 -1.01531e-15  8.37031e-15  1.01391e-15  2.00871e-16 -1.34717e-16 -1.70932e-27 -5.01604e-16 -1.85584e-15 -1.93478e-16  1.14127e-15     0.510272 -3.36684e-26 -1.60129e-15  1.32199e-27 -3.42121e-27  1.01359e-16  9.53945e-17 -1.13568e-15 -2.66311e-15
-3.36684e-26  7.21323e-15 -4.74277e-17  2.00976e-15 -2.81649e-17  -8.7095e-16 -1.18233e-16  4.10834e-16 -2.50756e-18  2.29536e-15  7.04271e-17  4.24563e-16 -5.38662e-15 -1.01531e-15  8.37031e-15  1.01391e-15  2.00871e-16 -1.34717e-16 -1.70932e-27 -5.01604e-16 -1.85584e-15 -1.93478e-16  1.14127e-15 -3.36684e-26     0.510272 -1.60129e-15  1.32199e-27 -3.42121e-27  1.01359e-16  9.53945e-17 -1.13568e-15 -2.66311e-15
-1.60129e-15   0.00207396  -0.00101238   0.00391119  3.84848e-05 -0.000846897   0.00155051  4.65116e-05 -1.15276e-07  -0.00203111  6.64355e-06  0.000178751   -0.0235681  0.000222268   0.00158672  -0.00035134  0.000100787 -0.000172901  4.95912e-16  0.000785992   0.00190707  -0.00133322  -0.00092454 -1.60129e-15 -1.60129e-15      0.26516 -4.45452e-16 -1.41637e-15  -0.00100087   0.00118584   0.00259834   0.00197969
 1.32199e-27  1.85365e-15  2.45718e-17  7.72598e-16 -1.66993e-17  1.35653e-15 -1.45718e-15 -1.53675e-17 -1.58103e-18  1.69731e-15 -5.37502e-18 -4.42011e-16 -1.79779e-15  4.01152e-16  1.67464e-15 -2.30305e-16  6.71787e-18 -3.57596e-17  6.69458e-28  5.11105e-16  8.03821e-17 -7.63019e-16  1.39948e-15  1.32199e-27  1.32199e-27 -4.45452e-16     0.270187 -8.74264e-28  7.24447e-16  -6.4901e-17 -4.30055e-16 -2.07395e-16
-3.42121e-27  3.05138e-15  1.18909e-16  3.75021e-16 -8.71457e-18 -7.40123e-16  5.07303e-15  1.26729e-16  2.14332e-18  -2.9927e-17  7.73135e-18  2.57716e-16 -5.12411e-15 -3.04989e-16  2.25404e-15  2.53244e-16  2.85193e-16 -1.19944e-16  8.51909e-28 -9.16374e-17  1.30963e-16  4.73126e-17  1.18715e-15 -3.42121e-27 -3.42121e-27 -1.41637e-15 -8.74264e-28     0.270187 -3.54308e-16  2.49581e-16  3.11069e-15 -1.09309e-15
 1.01359e-16  0.000809103  0.000473582 -0.000105792 -1.56581e-05  0.000948814   0.00553354  0.000401999  2.29261e-05   -0.0137652  8.12565e-05   -0.0002774  -0.00289858 -0.000207144   0.00283882   0.00109011 -0.000155946 -0.000718012  6.64469e-17 -0.000239165    0.0116402  0.000449176    0.0042054  1.01359e-16  1.01359e-16  -0.00100087  7.24447e-16 -3.54308e-16    0.0057368   0.00358719   0.00246632  -0.00302002
 9.53945e-17  -0.00621239  -0.00118761  0.000978641  0.000103266    0.0024376   -0.0105022 -0.000265797 -3.78574e-06  0.000477564 -6.81422e-05 -0.000319365   0.00678755 -0.000683772  -0.00660741  0.000848488  0.000397433 -0.000926195 -5.18432e-16   0.00103947    -0.018219 -0.000751024  -0.00396124  9.53945e-17  9.53945e-17   0.00118584  -6.4901e-17  2.49581e-16   0.00358719     0.555792  -0.00369798   -0.0216044
-1.13568e-15    0.0357292  -0.00275964  0.000262531  0.000554454 -0.000860483    0.0347809 -0.000618855  3.49498e-07   -0.0184972 -0.000119124   3.7982e-05    0.0115097   0.00051744   -0.0012916  -0.00017837 -2.35651e-05 -0.000214742 -1.19265e-15 -0.000865616    0.0104879  0.000756383    0.0110091 -1.13568e-15 -1.13568e-15   0.00259834 -4.30055e-16  3.11069e-15   0.00246632  -0.00369798    0.0259202    -0.005654
-2.66311e-15   -0.0113497 -0.000479654 -0.000110047  0.000292249 -7.61359e-05    -0.018418  0.000751096  1.96653e-05   -0.0196337  0.000128034 -0.000164757   0.00701143   0.00147325   0.00955521  -0.00292027  0.000233917    0.0017535  7.91132e-16  0.000791501   -0.0118703  -0.00111286  -0.00824944 -2.66311e-15 -2.66311e-15   0.00197969 -2.07395e-16 -1.09309e-15  -0.00302002   -0.0216044    -0.005654    0.0104535
* row and column names
WD_A_00
WS_A_05
PLUME_HEA
WD_A_08
PUMDENA
WD_A_01
WS_A_04
FALL_TIMA
LITHDENA
MEDIAN_GA
DIFFUSIOA
WD_A_02
WS_A_07
WD_A_03
WS_A_06
WD_A_04
WS_A_01
WD_A_05
WS_A_00
WD_A_06
WS_A_03
WD_A_07
WS_A_02
WD_A_09
WD_A_10
WS_A_08
WS_A_09
WS_A_10
STD_GRAIA
ALPHAA
EDDY_CONA
ERUPTIONA
