    32    32     1
    0.510272  9.96186e-16  5.12312e-17 -8.27852e-17 -1.01682e-17 -1.32196e-16 -3.21074e-15 -9.95559e-19 -2.16692e-19 -2.38066e-15 -1.55806e-20  1.73543e-16 -9.13083e-16 -2.61153e-16  5.62834e-16  2.14378e-16   5.5886e-17 -1.48506e-17  -9.8219e-29 -3.43289e-17 -2.01967e-17  1.85774e-17 -2.01675e-16 -9.57398e-17  3.89849e-16  1.25587e-15 -1.20035e-15 -3.42391e-17 -4.23311e-16 -1.03224e-15 -3.17784e-16 -7.08479e-16
 9.96186e-16    0.0246966 -0.000717437   0.00068439  0.000809627 -0.000305498   -0.0286385  1.85734e-06  8.25775e-07   -0.0170342  -4.7902e-07  0.000387167    0.0150221  -0.00184035  -0.00997942   0.00251056  -0.00913526 -7.24044e-05  6.20193e-16 -0.000468037   0.00945745 -0.000522179  -0.00368189   0.00452872  -0.00168644   0.00160584   0.00727685  1.99949e-05   0.00203741  -0.00745932    0.0145044   0.00868424
 5.12312e-17 -0.000717437   0.00161184  -0.00140267  4.87642e-05 -1.61709e-05  6.88247e-05  5.74616e-08  -1.9185e-06 -0.000578063  3.22202e-08 -3.84632e-05  -0.00511817  0.000363592 -0.000132493 -0.000328447  -0.00143854   5.0475e-05  8.48534e-17  0.000126328    0.0035319   0.00183379 -0.000234722  -0.00280378 -0.000415571   -0.0069165  -0.00488986  2.97679e-05  0.000425806  -0.00290784  -0.00065301  0.000448373
-8.27852e-17   0.00068439  -0.00140267   0.00631565 -7.20074e-05  0.000102028     0.005614  6.20232e-07  8.00727e-06  -0.00189713  9.95528e-08 -8.85538e-05    0.0205422  -7.9369e-05   0.00271244  0.000101999   0.00224194 -0.000137021 -2.18789e-16  9.09175e-05  -0.00241968   -0.0065899 -0.000973062  -0.00079586   0.00217233   -0.0113497   0.00208535 -6.88988e-05  0.000795996    0.0014876   0.00181303   0.00106884
-1.01682e-17  0.000809627  4.87642e-05 -7.20074e-05   0.00190137 -5.58323e-06  0.000737504  7.25927e-08  9.19241e-07  0.000786102   7.6433e-09  5.88318e-07  0.000221743  1.07692e-05  0.000726982  1.15055e-05 -0.000117714 -1.97588e-06  9.92415e-18 -6.74187e-06  0.000889549  7.59532e-05  0.000244938  4.90324e-06 -0.000110313  0.000800877  0.000546131  7.43963e-06 -9.90678e-05 -0.000647822   0.00113088   0.00040659
-1.32196e-16 -0.000305498 -1.61709e-05  0.000102028 -5.58323e-06  0.000108917   0.00141794  1.09651e-07  -1.0663e-06  0.000945091  5.31189e-08 -6.25597e-05  0.000300156  4.95442e-05  0.000203115 -5.38142e-05  0.000932969  3.14933e-05  2.31145e-17 -2.40638e-05 -0.000999542 -0.000179017 -0.000521204  -6.8797e-05  8.33914e-05 -0.000176408 -0.000129705 -2.03086e-06  5.13309e-06 -0.000269747  7.30912e-05  0.000277751
-3.21074e-15   -0.0286385  6.88247e-05     0.005614  0.000737504   0.00141794     0.176406 -8.97982e-06 -5.45181e-05  -0.00405578 -6.18342e-07  -0.00176634  -0.00679173   0.00366505   0.00253131  -0.00447083   0.00177208 -0.000210574  1.18027e-16  2.05396e-05   -0.0564508  -0.00305991  -0.00550608  -0.00827578   0.00486619  -0.00752547  -0.00458586 -0.000174713   0.00743111   -0.0171289  -0.00472351   0.00551432
-9.95559e-19  1.85734e-06  5.74616e-08  6.20232e-07  7.25927e-08  1.09651e-07 -8.97982e-06            1 -2.85596e-08  4.62365e-06 -7.69237e-09 -3.18491e-07 -6.97043e-06  2.71036e-07 -3.78257e-07  2.45354e-08 -2.77932e-06 -1.74887e-07  1.20244e-18  2.81085e-07  1.45456e-06  1.47808e-06  8.52588e-06  -1.8884e-06  1.91464e-07 -1.80729e-06  2.42441e-06 -2.40203e-08  3.94975e-06  2.11951e-05 -2.66775e-06 -1.04494e-05
-2.16692e-19  8.25775e-07  -1.9185e-06  8.00727e-06  9.19241e-07  -1.0663e-06 -5.45181e-05 -2.85596e-08  0.000279844  8.46007e-05 -3.38432e-09  1.58048e-06 -5.53015e-06 -1.84991e-06 -3.62726e-06 -9.11577e-08  6.12946e-06   1.2395e-06  8.22702e-20 -4.54459e-07 -6.97276e-06  -4.4718e-06  4.08042e-05 -3.55954e-06  2.27689e-06 -1.79422e-05 -3.23675e-06 -1.80178e-07  3.81914e-05   6.9805e-06  4.24973e-06 -8.30863e-06
-2.38066e-15   -0.0170342 -0.000578063  -0.00189713  0.000786102  0.000945091  -0.00405578  4.62365e-06  8.46007e-05     0.130095  6.50944e-07 -0.000626045    0.0139413  0.000604979   0.00242101 -0.000804416 -0.000178372 -8.67345e-05  6.73036e-16  0.000485679   -0.0220063  -0.00311886   -0.0199387 -0.000776919   0.00315316   0.00144031   -0.0176169 -9.52671e-05  -0.00520984    0.0203105   -0.0359544  -0.00808887
-1.55806e-20  -4.7902e-07  3.22202e-08  9.95528e-08   7.6433e-09  5.31189e-08 -6.18342e-07 -7.69237e-09 -3.38432e-09  6.50944e-07     0.755648 -7.62375e-08 -1.30616e-06  1.28067e-07  3.74049e-07 -1.25758e-07 -3.27166e-07 -5.51736e-09  3.38648e-19  6.53689e-08 -4.45787e-07  2.33737e-07  2.37995e-06 -4.39393e-07   4.0642e-08 -4.75246e-07  3.39708e-07 -2.01713e-09  5.43808e-07  4.68323e-06 -7.73953e-07 -2.56449e-06
 1.73543e-16  0.000387167 -3.84632e-05 -8.85538e-05  5.88318e-07 -6.25597e-05  -0.00176634 -3.18491e-07  1.58048e-06 -0.000626045 -7.62375e-08  8.13803e-05  0.000194318  -9.4885e-05 -0.000288396  9.39421e-05 -0.000906321 -3.30565e-05 -2.29604e-17  9.01864e-06   0.00140727  6.15788e-05  2.66998e-05  0.000327946 -0.000113974  0.000526363  6.90813e-05  3.34855e-06 -0.000178668 -5.30255e-05  0.000140221 -1.29878e-05
-9.13083e-16    0.0150221  -0.00511817    0.0205422  0.000221743  0.000300156  -0.00679173 -6.97043e-06 -5.53015e-06    0.0139413 -1.30616e-06  0.000194318     0.173482  -0.00138662    0.0126798  0.000937312 -0.000132195 -0.000232632  6.39234e-16  0.000633554  -0.00403019   -0.0335983   0.00811974    0.0119307  -0.00108536   -0.0481376  0.000189344 -9.61651e-05  -0.00671877    0.0171205    0.0126876  -0.00483212
-2.61153e-16  -0.00184035  0.000363592  -7.9369e-05  1.07692e-05  4.95442e-05   0.00366505  2.71036e-07 -1.84991e-06  0.000604979  1.28067e-07  -9.4885e-05  -0.00138662  0.000407574   0.00106274 -0.000408316   0.00142551  2.47606e-05 -6.83049e-18  9.93191e-05    0.0012871  0.000299796  -0.00064064  -0.00168667  0.000383708   -0.0025184 -0.000700599 -9.63952e-06  0.000439443   -0.0011168  -0.00159174 -9.23216e-05
 5.62834e-16  -0.00997942 -0.000132493   0.00271244  0.000726982  0.000203115   0.00253131 -3.78257e-07 -3.62726e-06   0.00242101  3.74049e-07 -0.000288396    0.0126798   0.00106274    0.0174067  -0.00133896    0.0054123  0.000226063 -5.44486e-16  0.000357663 -0.000609014  -0.00437855   0.00195395   -0.0028274   0.00127585 -0.000588774  -0.00324636  2.98026e-05  9.05996e-05   0.00299143  -0.00432099   -0.0023763
 2.14378e-16   0.00251056 -0.000328447  0.000101999  1.15055e-05 -5.38142e-05  -0.00447083  2.45354e-08 -9.11577e-08 -0.000804416 -1.25758e-07  9.39421e-05  0.000937312 -0.000408316  -0.00133896  0.000484797     -0.00136 -5.52799e-05  2.29496e-17 -9.18915e-05  7.39272e-05 -0.000164337 -0.000505285   0.00150948 -0.000346529   0.00231661   0.00077493  5.63185e-06 -9.35615e-05  -0.00010969   0.00155622   0.00091559
  5.5886e-17  -0.00913526  -0.00143854   0.00224194 -0.000117714  0.000932969   0.00177208 -2.77932e-06  6.12946e-06 -0.000178372 -3.27166e-07 -0.000906321 -0.000132195   0.00142551    0.0054123     -0.00136     0.182127  0.000256804  2.66551e-16 -3.71108e-05    0.0292955  -0.00241594   -0.0284379   0.00345056 -0.000409542   0.00679222   0.00195408  2.88527e-05 -0.000382539    0.0215217 -0.000327179  -0.00995283
-1.48506e-17 -7.24044e-05   5.0475e-05 -0.000137021 -1.97588e-06  3.14933e-05 -0.000210574 -1.74887e-07   1.2395e-06 -8.67345e-05 -5.51736e-09 -3.30565e-05 -0.000232632  2.47606e-05  0.000226063 -5.52799e-05  0.000256804  7.73452e-05  1.15885e-17 -5.36709e-05  -0.00102778 -3.95628e-06  0.000307507  2.03735e-05 -9.25059e-05 -0.000124387  0.000127655  4.44412e-06 -1.67244e-05  0.000194785  0.000217311 -8.87908e-05
 -9.8219e-29  6.20193e-16  8.48534e-17 -2.18789e-16  9.92415e-18  2.31145e-17  1.18027e-16  1.20244e-18  8.22702e-20  6.73036e-16  3.38648e-19 -2.29604e-17  6.39234e-16 -6.83049e-18 -5.44486e-16  2.29496e-17  2.66551e-16  1.15885e-17     0.197614    5.735e-19  1.76165e-16  2.36983e-16  1.67896e-16 -8.95265e-17 -4.40422e-17  -1.8913e-16  1.51768e-16 -1.64106e-17 -9.18272e-17  4.16566e-16  8.05497e-16  1.00287e-16
-3.43289e-17 -0.000468037  0.000126328  9.09175e-05 -6.74187e-06 -2.40638e-05  2.05396e-05  2.81085e-07 -4.54459e-07  0.000485679  6.53689e-08  9.01864e-06  0.000633554  9.93191e-05  0.000357663 -9.18915e-05 -3.71108e-05 -5.36709e-05    5.735e-19   0.00011466   0.00140583  6.17372e-05  0.000125625 -0.000779749  0.000225463  -0.00150394  -0.00038431 -6.29945e-06 -3.06345e-05  6.00002e-05 -0.000701419 -0.000361915
-2.01967e-17   0.00945745    0.0035319  -0.00241968  0.000889549 -0.000999542   -0.0564508  1.45456e-06 -6.97276e-06   -0.0220063 -4.45787e-07   0.00140727  -0.00403019    0.0012871 -0.000609014  7.39272e-05    0.0292955  -0.00102778  1.76165e-16   0.00140583      0.10955   0.00545958   -0.0278567   -0.0125916   0.00202246   -0.0213733  -0.00195156 -6.23257e-05   0.00292157   -0.0286804   0.00456572   0.00937997
 1.85774e-17 -0.000522179   0.00183379   -0.0065899  7.59532e-05 -0.000179017  -0.00305991  1.47808e-06  -4.4718e-06  -0.00311886  2.33737e-07  6.15788e-05   -0.0335983  0.000299796  -0.00437855 -0.000164337  -0.00241594 -3.95628e-06  2.36983e-16  6.17372e-05   0.00545958   0.00915124 -0.000422428  -0.00256676 -0.000757841   0.00974335 -0.000660028  2.80479e-05  0.000827068  -0.00437608  -0.00230514  0.000309965
-2.01675e-16  -0.00368189 -0.000234722 -0.000973062  0.000244938 -0.000521204  -0.00550608  8.52588e-06  4.08042e-05   -0.0199387  2.37995e-06  2.66998e-05   0.00811974  -0.00064064   0.00195395 -0.000505285   -0.0284379  0.000307507  1.67896e-16  0.000125625   -0.0278567 -0.000422428    0.0478117   0.00266386  -0.00140405   0.00118745   0.00268537  0.000100309  -0.00744831    0.0336675    0.0114374   -0.0231569
-9.57398e-17   0.00452872  -0.00280378  -0.00079586  4.90324e-06  -6.8797e-05  -0.00827578  -1.8884e-06 -3.55954e-06 -0.000776919 -4.39393e-07  0.000327946    0.0119307  -0.00168667   -0.0028274   0.00150948   0.00345056  2.03735e-05 -8.95265e-17 -0.000779749   -0.0125916  -0.00256676   0.00266386    0.0211117   -0.0111998    0.0393634  -0.00894836  0.000419983  -0.00272448    0.0096722   0.00270668  -0.00118161
 3.89849e-16  -0.00168644 -0.000415571   0.00217233 -0.000110313  8.33914e-05   0.00486619  1.91464e-07  2.27689e-06   0.00315316   4.0642e-08 -0.000113974  -0.00108536  0.000383708   0.00127585 -0.000346529 -0.000409542 -9.25059e-05 -4.40422e-17  0.000225463   0.00202246 -0.000757841  -0.00140405   -0.0111998     0.497717   -0.0106251    0.0380133  0.000699581  0.000537747  -0.00147904 -0.000473937  0.000161472
 1.25587e-15   0.00160584   -0.0069165   -0.0113497  0.000800877 -0.000176408  -0.00752547 -1.80729e-06 -1.79422e-05   0.00144031 -4.75246e-07  0.000526363   -0.0481376   -0.0025184 -0.000588774   0.00231661   0.00679222 -0.000124387  -1.8913e-16  -0.00150394   -0.0213733   0.00974335   0.00118745    0.0393634   -0.0106251     0.149042  -0.00998502  0.000696641  -0.00342649    0.0140748  -0.00117449  -0.00187788
-1.20035e-15   0.00727685  -0.00488986   0.00208535  0.000546131 -0.000129705  -0.00458586  2.42441e-06 -3.23675e-06   -0.0176169  3.39708e-07  6.90813e-05  0.000189344 -0.000700599  -0.00324636   0.00077493   0.00195408  0.000127655  1.51768e-16  -0.00038431  -0.00195156 -0.000660028   0.00268537  -0.00894836    0.0380133  -0.00998502    0.0715872  -0.00227559   0.00127946   0.00161045   0.00868531  -0.00028179
-3.42391e-17  1.99949e-05  2.97679e-05 -6.88988e-05  7.43963e-06 -2.03086e-06 -0.000174713 -2.40203e-08 -1.80178e-07 -9.52671e-05 -2.01713e-09  3.34855e-06 -9.61651e-05 -9.63952e-06  2.98026e-05  5.63185e-06  2.88527e-05  4.44412e-06 -1.64106e-17 -6.29945e-06 -6.23257e-05  2.80479e-05  0.000100309  0.000419983  0.000699581  0.000696641  -0.00227559      0.27014 -3.74821e-05  9.11041e-05  2.65809e-05 -3.57665e-05
-4.23311e-16   0.00203741  0.000425806  0.000795996 -9.90678e-05  5.13309e-06   0.00743111  3.94975e-06  3.81914e-05  -0.00520984  5.43808e-07 -0.000178668  -0.00671877  0.000439443  9.05996e-05 -9.35615e-05 -0.000382539 -1.67244e-05 -9.18272e-17 -3.06345e-05   0.00292157  0.000827068  -0.00744831  -0.00272448  0.000537747  -0.00342649   0.00127946 -3.74821e-05   0.00454133  -0.00772864  -0.00130115    0.0054335
-1.03224e-15  -0.00745932  -0.00290784    0.0014876 -0.000647822 -0.000269747   -0.0171289  2.11951e-05   6.9805e-06    0.0203105  4.68323e-06 -5.30255e-05    0.0171205   -0.0011168   0.00299143  -0.00010969    0.0215217  0.000194785  4.16566e-16  6.00002e-05   -0.0286804  -0.00437608    0.0336675    0.0096722  -0.00147904    0.0140748   0.00161045  9.11041e-05  -0.00772864    0.0597772  0.000328845   -0.0315831
-3.17784e-16    0.0145044  -0.00065301   0.00181303   0.00113088  7.30912e-05  -0.00472351 -2.66775e-06  4.24973e-06   -0.0359544 -7.73953e-07  0.000140221    0.0126876  -0.00159174  -0.00432099   0.00155622 -0.000327179  0.000217311  8.05497e-16 -0.000701419   0.00456572  -0.00230514    0.0114374   0.00270668 -0.000473937  -0.00117449   0.00868531  2.65809e-05  -0.00130115  0.000328845    0.0355458   0.00123228
-7.08479e-16   0.00868424  0.000448373   0.00106884   0.00040659  0.000277751   0.00551432 -1.04494e-05 -8.30863e-06  -0.00808887 -2.56449e-06 -1.29878e-05  -0.00483212 -9.23216e-05   -0.0023763   0.00091559  -0.00995283 -8.87908e-05  1.00287e-16 -0.000361915   0.00937997  0.000309965   -0.0231569  -0.00118161  0.000161472  -0.00187788  -0.00028179 -3.57665e-05    0.0054335   -0.0315831   0.00123228    0.0209256
* row and column names
WD_A_00
WS_A_05
PLUME_HEA
WD_A_08
PUMDENA
WD_A_01
WS_A_04
FALL_TIMA
LITHDENA
MEDIAN_GA
DIFFUSIOA
WD_A_02
WS_A_07
WD_A_03
WS_A_06
WD_A_04
WS_A_01
WD_A_05
WS_A_00
WD_A_06
WS_A_03
WD_A_07
WS_A_02
WD_A_09
WD_A_10
WS_A_08
WS_A_09
WS_A_10
STD_GRAIA
ALPHAA
EDDY_CONA
ERUPTIONA
