    11    11     1
    0.226422    0.0474943   -0.0117892   -0.0235783   -0.0137461  -0.00391381  -0.00195691 -1.68915e-62 -1.20654e-62 -7.23922e-63 -2.41307e-63
   0.0474943    0.0406993    0.0237471    0.0474943     0.027689   0.00788368   0.00394184 -1.31665e-62 -9.40463e-63 -5.64278e-63 -1.88093e-63
  -0.0117892    0.0237471     0.244105   -0.0117892  -0.00687303  -0.00195691 -0.000978454 -8.44576e-63 -6.03268e-63 -3.61961e-63 -1.20654e-63
  -0.0235783    0.0474943   -0.0117892     0.226422   -0.0137461  -0.00391381  -0.00195691 -1.68915e-62 -1.20654e-62 -7.23922e-63 -2.41307e-63
  -0.0137461     0.027689  -0.00687303   -0.0137461     0.221111   -0.0440327   -0.0220164 -1.47088e-62 -1.05063e-62 -6.30375e-63 -2.10125e-63
 -0.00391381   0.00788368  -0.00195691  -0.00391381   -0.0440327     0.165848   -0.0420758  -1.2526e-62 -8.94714e-63 -5.36829e-63 -1.78943e-63
 -0.00195691   0.00394184 -0.000978454  -0.00195691   -0.0220164   -0.0420758     0.228962 -3.55479e-62 -2.53914e-62 -1.52348e-62 -5.07828e-63
-1.68915e-62 -1.31665e-62 -8.44576e-63 -1.68915e-62 -1.47088e-62  -1.2526e-62 -3.55479e-62         0.25 -4.18356e-62 -2.51014e-62 -8.36713e-63
-1.20654e-62 -9.40463e-63 -6.03268e-63 -1.20654e-62 -1.05063e-62 -8.94714e-63 -2.53914e-62 -4.18356e-62         0.25 -2.51014e-62 -8.36713e-63
-7.23922e-63 -5.64278e-63 -3.61961e-63 -7.23922e-63 -6.30375e-63 -5.36829e-63 -1.52348e-62 -2.51014e-62 -2.51014e-62         0.25 -8.36713e-63
-2.41307e-63 -1.88093e-63 -1.20654e-63 -2.41307e-63 -2.10125e-63 -1.78943e-63 -5.07828e-63 -8.36713e-63 -8.36713e-63 -8.36713e-63         0.25
* row and column names
K_02
STAGE
K_01
K_03
K_04
K_05
K_06
K_07
K_08
K_09
K_10
